0 80
1 73
2 69
3 69
4 61
5 71
6 64
7 52
8 56
9 50
10 74
11 51
12 48
13 59
14 71
15 64
16 64
17 71
18 56
19 59
20 58
21 75
22 90
23 74
24 85
25 62
26 69
27 69
28 84
29 105
30 70
31 88
32 86
33 108
34 104
35 116
36 88
37 112
38 87
39 109
40 107
41 110
42 103
43 99
44 120
45 107
46 119
47 126
48 122
49 101
50 112
51 120
52 107
53 103
54 101
55 107
56 118
57 122
58 114
59 148
60 112
61 147
62 141
63 122
64 121
65 114
66 112
67 135
68 123
69 123
70 135
71 126
72 140
73 148
74 147
75 141
76 127
77 146
78 124
79 134
80 146
81 140
82 146
83 141
84 148
85 137
86 146
87 142
88 119
89 118
90 118
91 120
92 96
93 100
94 121
95 120
96 89
97 101
98 86
99 98
100 86
101 81
102 84
103 86
104 83
105 66
106 70
107 65
108 65
109 52
110 70
111 69
112 65
113 72
114 55
115 50
116 64
117 69
118 63
119 69
120 66
121 64
122 72
123 79
124 70
125 69
126 93
127 94
128 80
129 90
130 99
131 99
132 113
133 103
134 104
135 102
136 126
137 123
138 118
139 91
140 136
141 138
142 144
143 137
144 132
145 130
146 122
147 141
148 135
149 128
150 136
151 136
152 135
153 129
154 130
155 147
156 104
157 136
158 126
159 124
160 132
161 120
162 119
163 143
164 109
165 132
166 108
167 90
168 116
169 126
170 125
171 104
172 124
173 107
174 115
175 107
176 107
177 104
178 119
179 119
180 113
181 89
182 119
183 117
184 100
185 122
186 103
187 106
188 123
189 119
190 100
191 103
192 99
193 107
194 101
195 95
196 103
197 91
198 90
199 95
200 83
201 96
202 82
203 89
204 102
205 95
206 86
207 60
208 59
209 71
210 67
211 54
212 56
213 62
214 77
215 61
216 72
217 59
218 67
219 56
220 63
221 78
222 53
223 82
224 76
225 70
226 86
227 63
228 86
229 78
230 83
231 87
232 90
233 106
234 117
235 93
236 84
237 120
238 119
239 108
240 119
241 119
242 128
243 142
244 125
245 133
246 143
247 131
248 144
249 138
250 178
251 160
252 161
253 148
254 147
255 130
256 159
257 137
258 180
259 162
260 123
261 162
262 178
263 143
264 156
265 149
266 136
267 141
268 127
269 147
270 136
271 99
272 119
273 115
274 101
275 105
276 109
277 102
278 96
279 121
280 105
281 97
282 103
283 112
284 107
285 92
286 84
287 91
288 104
289 103
290 88
291 79
292 87
293 78
294 93
295 87
296 80
297 90
298 94
299 83
300 87
301 73
302 75
303 73
304 77
305 74
306 83
307 76
308 77
309 93
310 75
311 78
312 80
313 66
314 66
315 61
316 93
317 68
318 62
319 61
320 61
321 65
322 63
323 70
324 56
325 66
326 79
327 66
328 51
329 66
330 86
331 70
332 79
333 78
334 65
335 83
336 99
337 92
338 91
339 87
340 115
341 104
342 128
343 113
344 135
345 126
346 149
347 130
348 142
349 140
350 159
351 139
352 161
353 152
354 145
355 153
356 163
357 191
358 170
359 175
360 187
361 159
362 164
363 149
364 165
365 165
366 184
367 156
368 185
369 162
370 178
371 133
372 148
373 155
374 134
375 151
376 151
377 134
378 140
379 120
380 128
381 118
382 126
383 108
384 101
385 131
386 109
387 95
388 102
389 96
390 101
391 79
392 88
393 98
394 78
395 87
396 68
397 75
398 82
399 63
400 84
401 55
402 75
403 71
404 64
405 82
406 62
407 69
408 64
409 63
410 58
411 71
412 62
413 55
414 65
415 64
416 80
417 69
418 70
419 75
420 72
421 77
422 66
423 71
424 73
425 67
426 79
427 82
428 75
429 79
430 74
431 83
432 76
433 95
434 82
435 87
436 73
437 107
438 78
439 80
440 81
441 86
442 96
443 78
444 101
445 111
446 119
447 118
448 114
449 106
450 121
451 117
452 97
453 121
454 146
455 154
456 130
457 155
458 145
459 152
460 153
461 164
462 152
463 156
464 148
465 178
466 157
467 160
468 175
469 169
470 159
471 153
472 165
473 173
474 176
475 180
476 150
477 158
478 178
479 157
480 149
481 147
482 125
483 140
484 148
485 133
486 140
487 117
488 124
489 116
490 104
491 109
492 108
493 107
494 103
495 91
496 97
497 98
498 69
499 65
