0 3
1 7
2 8
3 5
4 11
5 4
6 8
7 4
8 1
9 8
10 7
11 6
12 3
13 4
14 7
15 5
16 5
17 5
18 8
19 6
20 6
21 5
22 11
23 5
24 2
25 5
26 6
27 4
28 6
29 6
30 6
31 2
32 3
33 7
34 4
35 8
36 2
37 4
38 6
39 5
40 2
41 5
42 5
43 8
44 4
45 5
46 1
47 5
48 2
49 8
50 5
51 6
52 2
53 3
54 8
55 7
56 8
57 2
58 4
59 3
60 5
61 7
62 7
63 4
64 4
65 5
66 5
67 5
68 4
69 7
70 8
71 5
72 8
73 5
74 3
75 6
76 3
77 6
78 2
79 4
80 2
81 10
82 8
83 5
84 9
85 2
86 8
87 5
88 2
89 6
90 6
91 5
92 4
93 6
94 5
95 4
96 7
97 8
98 6
99 7
100 6
101 6
102 6
103 13
104 7
105 4
106 6
107 4
108 4
109 5
110 5
111 1
112 7
113 4
114 6
115 5
116 3
117 6
118 4
119 6
120 5
121 7
122 3
123 9
124 6
125 6
126 9
127 6
128 13
129 5
130 6
131 6
132 2
133 4
134 4
135 7
136 2
137 4
138 4
139 8
140 6
141 2
142 8
143 1
144 4
145 4
146 7
147 6
148 7
149 5
150 6
151 6
152 9
153 5
154 8
155 9
156 1
157 3
158 4
159 5
160 5
161 7
162 6
163 6
164 4
165 5
166 4
167 2
168 9
169 9
170 8
171 7
172 9
173 3
174 5
175 5
176 9
177 3
178 0
179 4
180 6
181 5
182 7
183 2
184 7
185 3
186 5
187 5
188 10
189 5
190 4
191 7
192 6
193 3
194 5
195 5
196 2
197 3
198 10
199 5
200 8
201 5
202 4
203 5
204 6
205 6
206 5
207 3
208 6
209 8
210 6
211 3
212 3
213 3
214 2
215 7
216 6
217 8
218 6
219 7
220 5
221 5
222 5
223 4
224 3
225 9
226 4
227 2
228 3
229 5
230 4
231 4
232 4
233 4
234 3
235 4
236 5
237 5
238 5
239 9
240 3
241 7
242 5
243 9
244 5
245 5
246 5
247 7
248 5
249 2
250 3
251 6
252 8
253 9
254 6
255 7
256 6
257 2
258 5
259 7
260 7
261 6
262 6
263 5
264 2
265 6
266 4
267 3
268 3
269 3
270 5
271 5
272 6
273 3
274 6
275 3
276 6
277 5
278 2
279 6
280 6
281 7
282 7
283 4
284 1
285 6
286 7
287 9
288 6
289 5
290 4
291 8
292 7
293 2
294 7
295 2
296 7
297 9
298 6
299 5
300 9
301 2
302 7
303 2
304 11
305 5
306 2
307 2
308 4
309 1
310 7
311 12
312 4
313 2
314 6
315 5
316 7
317 7
318 4
319 6
320 6
321 2
322 2
323 7
324 2
325 4
326 6
327 2
328 6
329 2
330 5
331 6
332 8
333 6
334 10
335 3
336 7
337 7
338 6
339 7
340 10
341 3
342 7
343 7
344 7
345 5
346 6
347 3
348 4
349 5
350 1
351 7
352 4
353 7
354 4
355 4
356 2
357 8
358 3
359 7
360 6
361 6
362 7
363 6
364 9
365 4
366 5
367 4
368 6
369 6
370 3
371 8
372 4
373 5
374 4
375 7
376 4
377 5
378 4
379 6
380 5
381 2
382 8
383 0
384 7
385 3
386 7
387 5
388 5
389 4
390 5
391 6
392 7
393 5
394 5
395 6
396 5
397 4
398 5
399 6
400 6
401 4
402 6
403 9
404 4
405 8
406 3
407 12
408 4
409 6
410 12
411 4
412 4
413 6
414 4
415 2
416 4
417 4
418 8
419 8
420 6
421 4
422 4
423 7
424 12
425 10
426 5
427 7
428 5
429 1
430 3
431 4
432 5
433 5
434 4
435 3
436 2
437 9
438 4
439 6
440 6
441 6
442 4
443 1
444 6
445 2
446 1
447 7
448 4
449 3
450 5
451 1
452 7
453 3
454 5
455 4
456 11
457 6
458 5
459 5
460 7
461 4
462 5
463 5
464 5
465 5
466 2
467 5
468 6
469 8
470 3
471 8
472 5
473 4
474 6
475 7
476 4
477 3
478 5
479 7
480 7
481 6
482 1
483 7
484 6
485 4
486 7
487 7
488 4
489 3
490 4
491 6
492 3
493 3
494 9
495 5
496 6
497 9
498 3
499 10
500 2
501 5
502 10
503 4
504 5
505 2
506 6
507 7
508 4
509 3
510 5
511 8
512 8
513 8
514 3
515 2
516 5
517 3
518 3
519 6
520 5
521 5
522 7
523 7
524 11
525 6
526 4
527 3
528 4
529 7
530 3
531 2
532 7
533 3
534 4
535 5
536 4
537 5
538 6
539 2
540 6
541 7
542 4
543 4
544 3
545 9
546 7
547 5
548 4
549 6
550 3
551 5
552 2
553 8
554 6
555 3
556 7
557 5
558 4
559 4
560 13
561 6
562 4
563 5
564 5
565 6
566 2
567 6
568 6
569 6
570 4
571 2
572 6
573 2
574 12
575 6
576 8
577 3
578 4
579 7
580 5
581 4
582 10
583 5
584 3
585 5
586 5
587 5
588 1
589 3
590 4
591 7
592 4
593 7
594 8
595 5
596 4
597 5
598 7
599 5
600 2
601 2
602 3
603 8
604 6
605 5
606 8
607 3
608 7
609 9
610 7
611 6
612 5
613 4
614 9
615 5
616 5
617 3
618 4
619 5
620 9
621 9
622 1
623 3
624 6
625 4
626 7
627 1
628 1
629 4
630 4
631 2
632 5
633 2
634 6
635 7
636 3
637 7
638 9
639 3
640 4
641 10
642 8
643 4
644 7
645 5
646 1
647 9
648 6
649 3
650 4
651 6
652 3
653 3
654 3
655 2
656 8
657 2
658 7
659 8
660 3
661 4
662 5
663 6
664 5
665 3
666 4
667 9
668 5
669 5
670 2
671 4
672 2
673 2
674 5
675 9
676 7
677 5
678 3
679 6
680 3
681 2
682 5
683 4
684 1
685 4
686 3
687 6
688 5
689 6
690 5
691 3
692 5
693 3
694 4
695 5
696 4
697 6
698 5
699 2
700 7
701 3
702 4
703 8
704 10
705 9
706 4
707 8
708 5
709 3
710 4
711 4
712 3
713 4
714 8
715 1
716 5
717 4
718 7
719 3
720 5
721 7
722 6
723 2
724 9
725 7
726 6
727 5
728 3
729 2
730 4
731 2
732 7
733 7
734 5
735 6
736 9
737 5
738 5
739 5
740 1
741 3
742 6
743 8
744 7
745 0
746 7
747 4
748 4
749 5
750 3
751 3
752 4
753 5
754 8
755 5
756 12
757 6
758 8
759 4
760 8
761 5
762 8
763 4
764 1
765 9
766 4
767 2
768 5
769 5
770 11
771 8
772 7
773 5
774 1
775 6
776 4
777 8
778 7
779 5
780 8
781 7
782 5
783 4
784 8
785 9
786 8
787 7
788 7
789 2
790 3
791 7
792 5
793 1
794 7
795 4
796 3
797 6
798 2
799 9
800 4
801 5
802 9
803 5
804 7
805 4
806 2
807 4
808 6
809 5
810 4
811 8
812 2
813 10
814 9
815 4
816 6
817 2
818 3
819 5
820 9
821 12
822 7
823 5
824 7
825 8
826 2
827 4
828 11
829 4
830 6
831 6
832 6
833 3
834 7
835 3
836 7
837 2
838 4
839 2
840 7
841 6
842 3
843 2
844 7
845 5
846 5
847 6
848 3
849 6
850 6
851 3
852 2
853 5
854 6
855 5
856 5
857 6
858 6
859 9
860 6
861 5
862 6
863 5
864 10
865 3
866 4
867 4
868 5
869 6
870 6
871 3
872 5
873 5
874 4
875 3
876 5
877 7
878 5
879 6
880 6
881 4
882 3
883 5
884 5
885 10
886 6
887 8
888 8
889 6
890 5
891 3
892 7
893 5
894 3
895 3
896 5
897 3
898 5
899 7
900 10
901 4
902 5
903 6
904 8
905 4
906 5
907 4
908 9
909 9
910 3
911 8
912 3
913 3
914 3
915 8
916 5
917 8
918 4
919 2
920 3
921 2
922 6
923 5
924 5
925 8
926 7
927 6
928 5
929 7
930 7
931 6
932 7
933 3
934 3
935 5
936 4
937 7
938 3
939 8
940 6
941 8
942 6
943 8
944 5
945 4
946 5
947 3
948 3
949 4
950 2
951 5
952 7
953 3
954 8
955 6
956 4
957 4
958 5
959 2
960 7
961 6
962 6
963 4
964 2
965 4
966 3
967 10
968 1
969 11
970 5
971 9
972 4
973 4
974 6
975 2
976 9
977 5
978 4
979 4
980 10
981 6
982 9
983 3
984 7
985 4
986 6
987 8
988 7
989 8
990 1
991 5
992 3
993 4
994 6
995 3
996 5
997 6
998 5
999 4
1000 3
1001 7
1002 5
1003 2
1004 6
1005 9
1006 6
1007 5
1008 3
1009 5
1010 3
1011 7
1012 8
1013 4
1014 5
1015 4
1016 4
1017 11
1018 3
1019 6
1020 5
1021 6
1022 5
1023 6
1024 2
1025 3
1026 4
1027 5
1028 7
1029 8
1030 6
1031 2
1032 8
1033 3
1034 1
1035 8
1036 10
1037 4
1038 5
1039 7
1040 7
1041 5
1042 8
1043 7
1044 2
1045 1
1046 4
1047 3
1048 7
1049 2
1050 5
1051 8
1052 2
1053 6
1054 3
1055 7
1056 7
1057 6
1058 7
1059 3
1060 8
1061 5
1062 4
1063 4
1064 4
1065 5
1066 5
1067 7
1068 2
1069 6
1070 3
1071 4
1072 4
1073 5
1074 6
1075 3
1076 6
1077 6
1078 10
1079 4
1080 2
1081 7
1082 5
1083 3
1084 5
1085 8
1086 5
1087 5
1088 6
1089 2
1090 4
1091 6
1092 5
1093 5
1094 3
1095 6
1096 4
1097 9
1098 2
1099 6
1100 7
1101 1
1102 7
1103 2
1104 6
1105 6
1106 6
1107 5
1108 3
1109 8
1110 3
1111 4
1112 2
1113 5
1114 3
1115 3
1116 9
1117 4
1118 5
1119 8
1120 6
1121 5
1122 4
1123 9
1124 5
1125 9
1126 4
1127 4
1128 4
1129 3
1130 10
1131 3
1132 3
1133 4
1134 6
1135 5
1136 3
1137 4
1138 3
1139 1
1140 7
1141 3
1142 3
1143 7
1144 7
1145 5
1146 5
1147 5
1148 5
1149 5
1150 4
1151 6
1152 3
1153 0
1154 6
1155 5
1156 7
1157 2
1158 4
1159 3
1160 6
1161 6
1162 3
1163 3
1164 8
1165 7
1166 6
1167 6
1168 5
1169 6
1170 6
1171 7
1172 6
1173 7
1174 7
1175 8
1176 6
1177 3
1178 3
1179 2
1180 3
1181 7
1182 6
1183 1
1184 7
1185 4
1186 9
1187 2
1188 14
1189 5
1190 5
1191 5
1192 4
1193 3
1194 4
1195 4
1196 4
1197 8
1198 5
1199 3
1200 3
1201 8
1202 7
1203 6
1204 9
1205 4
1206 4
1207 8
1208 7
1209 0
1210 2
1211 5
1212 1
1213 10
1214 1
1215 4
1216 7
1217 8
1218 2
1219 4
1220 4
1221 7
1222 6
1223 5
1224 4
1225 8
1226 10
1227 3
1228 3
1229 5
1230 4
1231 7
1232 3
1233 6
1234 7
1235 2
1236 1
1237 3
1238 6
1239 4
1240 5
1241 8
1242 5
1243 6
1244 8
1245 3
1246 4
1247 3
1248 10
1249 7
1250 9
1251 5
1252 6
1253 6
1254 5
1255 6
1256 3
1257 6
1258 6
1259 1
1260 10
1261 6
1262 5
1263 9
1264 6
1265 4
1266 5
1267 8
1268 8
1269 5
1270 5
1271 6
1272 6
1273 5
1274 9
1275 1
1276 3
1277 4
1278 5
1279 6
1280 10
1281 3
1282 11
1283 3
1284 8
1285 8
1286 6
1287 6
1288 6
1289 6
1290 5
1291 6
1292 6
1293 12
1294 3
1295 2
1296 9
1297 2
1298 7
1299 3
1300 3
1301 4
1302 3
1303 2
1304 5
1305 3
1306 5
1307 3
1308 6
1309 5
1310 5
1311 5
1312 7
1313 7
1314 6
1315 6
1316 11
1317 3
1318 5
1319 5
1320 3
1321 5
1322 12
1323 6
1324 5
1325 3
1326 9
1327 2
1328 1
1329 7
1330 4
1331 8
1332 8
1333 8
1334 4
1335 4
1336 5
1337 4
1338 3
1339 5
1340 5
1341 6
1342 7
1343 10
1344 3
1345 4
1346 7
1347 5
1348 11
1349 3
1350 6
1351 8
1352 1
1353 4
1354 6
1355 1
1356 8
1357 4
1358 10
1359 2
1360 5
1361 6
1362 2
1363 10
1364 1
1365 5
1366 7
1367 6
1368 4
1369 7
1370 7
1371 8
1372 7
1373 5
1374 4
1375 3
1376 0
1377 6
1378 7
1379 8
1380 5
1381 6
1382 6
1383 6
1384 3
1385 5
1386 4
1387 8
1388 2
1389 5
1390 3
1391 1
1392 6
1393 5
1394 5
1395 2
1396 5
1397 4
1398 5
1399 5
1400 4
1401 3
1402 6
1403 3
1404 4
1405 6
1406 3
1407 4
1408 3
1409 8
1410 4
1411 8
1412 4
1413 6
1414 4
1415 7
1416 8
1417 7
1418 6
1419 7
1420 4
1421 8
1422 2
1423 10
1424 3
1425 7
1426 3
1427 4
1428 9
1429 3
1430 4
1431 3
1432 6
1433 11
1434 6
1435 3
1436 3
1437 6
1438 4
1439 4
1440 3
1441 5
1442 4
1443 2
1444 5
1445 7
1446 11
1447 8
1448 7
1449 4
1450 3
1451 5
1452 5
1453 3
1454 5
1455 5
1456 4
1457 4
1458 6
1459 2
1460 6
1461 5
1462 3
1463 4
1464 4
1465 9
1466 3
1467 8
1468 4
1469 7
1470 7
1471 4
1472 4
1473 6
1474 4
1475 10
1476 7
1477 4
1478 8
1479 3
1480 13
1481 4
1482 5
1483 4
1484 7
1485 6
1486 8
1487 6
1488 7
1489 5
1490 4
1491 8
1492 5
1493 4
1494 5
1495 4
1496 4
1497 8
1498 2
1499 11
1500 7
1501 2
1502 4
1503 6
1504 4
1505 5
1506 2
1507 7
1508 6
1509 4
1510 5
1511 2
1512 7
1513 7
1514 7
1515 8
1516 5
1517 5
1518 3
1519 4
1520 8
1521 7
1522 1
1523 4
1524 6
1525 3
1526 4
1527 7
1528 7
1529 5
1530 3
1531 5
1532 4
1533 3
1534 3
1535 6
1536 2
1537 5
1538 6
1539 5
1540 2
1541 8
1542 8
1543 6
1544 7
1545 8
1546 4
1547 6
1548 5
1549 11
1550 3
1551 2
1552 3
1553 6
1554 3
1555 6
1556 7
1557 8
1558 6
1559 5
1560 5
1561 3
1562 3
1563 3
1564 5
1565 7
1566 3
1567 6
1568 6
1569 6
1570 8
1571 4
1572 5
1573 5
1574 7
1575 10
1576 4
1577 9
1578 6
1579 7
1580 6
1581 4
1582 5
1583 4
1584 5
1585 10
1586 3
1587 4
1588 6
1589 4
1590 4
1591 4
1592 9
1593 8
1594 5
1595 8
1596 10
1597 4
1598 9
1599 5
1600 3
1601 1
1602 5
1603 8
1604 6
1605 7
1606 11
1607 9
1608 5
1609 6
1610 4
1611 6
1612 6
1613 8
1614 5
1615 5
1616 5
1617 7
1618 7
1619 6
1620 8
1621 4
1622 7
1623 8
1624 4
1625 10
1626 7
1627 6
1628 6
1629 3
1630 4
1631 4
1632 4
1633 1
1634 3
1635 4
1636 7
1637 7
1638 6
1639 1
1640 11
1641 2
1642 5
1643 2
1644 3
1645 7
1646 3
1647 6
1648 6
1649 3
1650 1
1651 8
1652 3
1653 4
1654 8
1655 7
1656 6
1657 5
1658 2
1659 7
1660 7
1661 3
1662 3
1663 8
1664 4
1665 2
1666 7
1667 11
1668 1
1669 4
1670 11
1671 5
1672 2
1673 2
1674 5
1675 4
1676 6
1677 6
1678 4
1679 5
1680 3
1681 2
1682 5
1683 9
1684 7
1685 4
1686 4
1687 3
1688 7
1689 8
1690 12
1691 9
1692 5
1693 9
1694 1
1695 9
1696 3
1697 3
1698 6
1699 4
1700 1
1701 8
1702 3
1703 3
1704 3
1705 10
1706 3
1707 9
1708 7
1709 8
1710 6
1711 11
1712 4
1713 11
1714 10
1715 4
1716 5
1717 10
1718 9
1719 3
1720 2
1721 6
1722 6
1723 5
1724 3
1725 5
1726 6
1727 5
1728 3
1729 6
1730 7
1731 7
1732 2
1733 10
1734 4
1735 4
1736 4
1737 3
1738 4
1739 7
1740 7
1741 7
1742 4
1743 5
1744 7
1745 9
1746 11
1747 6
1748 10
1749 6
1750 5
1751 4
1752 5
1753 6
1754 4
1755 3
1756 2
1757 2
1758 6
1759 5
1760 6
1761 7
1762 8
1763 11
1764 7
1765 5
1766 7
1767 5
1768 7
1769 5
1770 7
1771 8
1772 5
1773 7
1774 7
1775 4
1776 3
1777 4
1778 2
1779 6
1780 7
1781 8
1782 4
1783 7
1784 5
1785 4
1786 5
1787 5
1788 5
1789 7
1790 3
1791 6
1792 5
1793 6
1794 6
1795 5
1796 4
1797 3
1798 4
1799 2
1800 4
1801 3
1802 7
1803 5
1804 6
1805 3
1806 6
1807 5
1808 6
1809 9
1810 6
1811 11
1812 3
1813 4
1814 3
1815 6
1816 6
1817 6
1818 7
1819 7
1820 2
1821 3
1822 4
1823 7
1824 10
1825 6
1826 6
1827 3
1828 9
1829 10
1830 4
1831 4
1832 6
1833 4
1834 4
1835 6
1836 5
1837 6
1838 5
1839 6
1840 7
1841 10
1842 4
1843 6
1844 2
1845 9
1846 2
1847 3
1848 3
1849 3
1850 4
1851 5
1852 1
1853 6
1854 6
1855 3
1856 6
1857 3
1858 4
1859 7
1860 4
1861 2
1862 4
1863 6
1864 5
1865 3
1866 6
1867 3
1868 6
1869 4
1870 6
1871 11
1872 7
1873 6
1874 4
1875 3
1876 2
1877 6
1878 5
1879 4
1880 6
1881 10
1882 5
1883 7
1884 10
1885 4
1886 7
1887 2
1888 5
1889 7
1890 7
1891 6
1892 6
1893 3
1894 5
1895 4
1896 6
1897 7
1898 5
1899 3
1900 7
1901 7
1902 0
1903 5
1904 5
1905 4
1906 7
1907 7
1908 7
1909 8
1910 7
1911 8
1912 1
1913 3
1914 6
1915 4
1916 5
1917 1
1918 2
1919 4
1920 6
1921 6
1922 7
1923 3
1924 5
1925 5
1926 5
1927 5
1928 4
1929 7
1930 4
1931 3
1932 0
1933 5
1934 7
1935 11
1936 4
1937 3
1938 4
1939 8
1940 8
1941 1
1942 4
1943 6
1944 5
1945 5
1946 4
1947 0
1948 1
1949 6
1950 3
1951 3
1952 3
1953 3
1954 4
1955 9
1956 4
1957 3
1958 5
1959 7
1960 6
1961 5
1962 2
1963 6
1964 4
1965 4
1966 6
1967 4
1968 3
1969 3
1970 6
1971 3
1972 8
1973 4
1974 5
1975 5
1976 3
1977 4
1978 3
1979 3
1980 3
1981 6
1982 4
1983 7
1984 7
1985 6
1986 3
1987 6
1988 3
1989 7
1990 3
1991 4
1992 5
1993 6
1994 3
1995 5
1996 3
1997 5
1998 4
1999 13
2000 8
2001 6
2002 7
2003 2
2004 7
2005 7
2006 4
2007 7
2008 4
2009 2
2010 6
2011 6
2012 3
2013 8
2014 6
2015 7
2016 5
2017 4
2018 4
2019 7
2020 6
2021 7
2022 5
2023 5
2024 7
2025 4
2026 4
2027 6
2028 6
2029 5
2030 5
2031 1
2032 6
2033 1
2034 6
2035 3
2036 8
2037 2
2038 4
2039 2
2040 8
2041 4
2042 7
2043 8
2044 6
2045 3
2046 4
2047 7
2048 7
2049 7
2050 3
2051 3
2052 2
2053 7
2054 6
2055 7
2056 7
2057 8
2058 5
2059 4
2060 5
2061 5
2062 5
2063 6
2064 3
2065 7
2066 4
2067 11
2068 5
2069 5
2070 3
2071 3
2072 2
2073 5
2074 6
2075 7
2076 7
2077 2
2078 4
2079 7
2080 5
2081 3
2082 3
2083 4
2084 7
2085 5
2086 6
2087 4
2088 8
2089 9
2090 5
2091 5
2092 6
2093 3
2094 2
2095 9
2096 4
2097 6
2098 3
2099 7
2100 4
2101 6
2102 2
2103 12
2104 7
2105 7
2106 4
2107 5
2108 6
2109 6
2110 5
2111 3
2112 0
2113 3
2114 6
2115 4
2116 3
2117 5
2118 8
2119 4
2120 4
2121 5
2122 8
2123 7
2124 8
2125 5
2126 7
2127 4
2128 3
2129 3
2130 7
2131 2
2132 5
2133 6
2134 6
2135 4
2136 5
2137 8
2138 6
2139 4
2140 3
2141 8
2142 7
2143 6
2144 4
2145 6
2146 1
2147 7
2148 7
2149 4
2150 6
2151 6
2152 1
2153 5
2154 4
2155 6
2156 6
2157 6
2158 7
2159 7
2160 6
2161 5
2162 1
2163 3
2164 10
2165 4
2166 6
2167 3
2168 0
2169 4
2170 7
2171 6
2172 4
2173 8
2174 6
2175 6
2176 4
2177 3
2178 11
2179 3
2180 3
2181 7
2182 4
2183 8
2184 7
2185 4
2186 10
2187 7
2188 5
2189 6
2190 5
2191 5
2192 5
2193 2
2194 2
2195 6
2196 6
2197 5
2198 5
2199 1
2200 8
2201 2
2202 6
2203 3
2204 10
2205 5
2206 3
2207 4
2208 6
2209 4
2210 6
2211 6
2212 4
2213 3
2214 9
2215 5
2216 7
2217 4
2218 8
2219 5
2220 7
2221 3
2222 2
2223 2
2224 5
2225 5
2226 1
2227 3
2228 8
2229 6
2230 2
2231 7
2232 2
2233 9
2234 7
2235 5
2236 5
2237 5
2238 3
2239 5
2240 6
2241 5
2242 6
2243 6
2244 8
2245 6
2246 5
2247 5
2248 8
2249 10
2250 4
2251 5
2252 3
2253 3
2254 11
2255 13
2256 9
2257 8
2258 6
2259 4
2260 5
2261 3
2262 3
2263 12
2264 6
2265 3
2266 5
2267 5
2268 7
2269 6
2270 9
2271 5
2272 6
2273 5
2274 5
2275 6
2276 8
2277 8
2278 5
2279 4
2280 6
2281 4
2282 6
2283 2
2284 2
2285 5
2286 8
2287 5
2288 6
2289 4
2290 8
2291 4
2292 5
2293 3
2294 11
2295 6
2296 4
2297 8
2298 8
2299 9
2300 6
2301 6
2302 6
2303 3
2304 8
2305 4
2306 6
2307 10
2308 7
2309 6
2310 6
2311 9
2312 9
2313 4
2314 7
2315 7
2316 3
2317 6
2318 6
2319 3
2320 4
2321 4
2322 4
2323 7
2324 4
2325 7
2326 7
2327 6
2328 3
2329 9
2330 4
2331 5
2332 8
2333 7
2334 3
2335 7
2336 5
2337 7
2338 10
2339 4
2340 7
2341 3
2342 6
2343 3
2344 3
2345 3
2346 7
2347 5
2348 3
2349 4
2350 4
2351 7
2352 5
2353 5
2354 8
2355 7
2356 4
2357 4
2358 4
2359 3
2360 7
2361 5
2362 4
2363 5
2364 4
2365 1
2366 1
2367 6
2368 7
2369 5
2370 6
2371 3
2372 2
2373 5
2374 3
2375 7
2376 4
2377 5
2378 10
2379 6
2380 3
2381 5
2382 5
2383 5
2384 6
2385 6
2386 4
2387 4
2388 5
2389 3
2390 7
2391 5
2392 6
2393 8
2394 1
2395 4
2396 4
2397 3
2398 5
2399 5
2400 7
2401 4
2402 5
2403 8
2404 6
2405 5
2406 6
2407 10
2408 4
2409 6
2410 5
2411 4
2412 7
2413 4
2414 5
2415 7
2416 2
2417 5
2418 3
2419 4
2420 4
2421 4
2422 3
2423 1
2424 3
2425 3
2426 5
2427 5
2428 6
2429 7
2430 9
2431 7
2432 7
2433 3
2434 3
2435 3
2436 3
2437 1
2438 7
2439 8
2440 5
2441 1
2442 7
2443 7
2444 5
2445 4
2446 8
2447 4
2448 6
2449 6
2450 8
2451 8
2452 12
2453 8
2454 3
2455 6
2456 5
2457 3
2458 6
2459 2
2460 10
2461 7
2462 5
2463 4
2464 1
2465 4
2466 5
2467 2
2468 6
2469 5
2470 9
2471 5
2472 4
2473 4
2474 6
2475 5
2476 5
2477 6
2478 6
2479 10
2480 2
2481 10
2482 4
2483 1
2484 5
2485 6
2486 4
2487 4
2488 1
2489 5
2490 10
2491 4
2492 5
2493 4
2494 9
2495 0
2496 3
2497 4
2498 7
2499 2
2500 6
2501 3
2502 5
2503 9
2504 3
2505 8
2506 4
2507 4
2508 2
2509 6
2510 6
2511 10
2512 5
2513 8
2514 9
2515 4
2516 3
2517 1
2518 6
2519 8
2520 5
2521 8
2522 5
2523 6
2524 6
2525 7
2526 5
2527 8
2528 5
2529 1
2530 1
2531 5
2532 6
2533 2
2534 4
2535 3
2536 6
2537 10
2538 7
2539 9
2540 3
2541 5
2542 6
2543 10
2544 6
2545 5
2546 5
2547 8
2548 7
2549 4
2550 5
2551 7
2552 10
2553 8
2554 4
2555 6
2556 10
2557 5
2558 7
2559 7
2560 7
2561 6
2562 8
2563 3
2564 6
2565 4
2566 8
2567 13
2568 7
2569 4
2570 2
2571 5
2572 4
2573 5
2574 6
2575 6
2576 9
2577 4
2578 4
2579 1
2580 6
2581 5
2582 5
2583 5
2584 12
2585 3
2586 11
2587 5
2588 7
2589 9
2590 5
2591 4
2592 3
2593 0
2594 2
2595 6
2596 2
2597 8
2598 7
2599 6
2600 4
2601 3
2602 6
2603 8
2604 8
2605 4
2606 8
2607 3
2608 10
2609 6
2610 4
2611 5
2612 7
2613 2
2614 5
2615 3
2616 5
2617 9
2618 5
2619 8
2620 5
2621 2
2622 6
2623 6
2624 3
2625 5
2626 1
2627 9
2628 6
2629 4
2630 7
2631 4
2632 7
2633 8
2634 7
2635 3
2636 6
2637 7
2638 9
2639 6
2640 3
2641 2
2642 3
2643 3
2644 4
2645 8
2646 7
2647 4
2648 4
2649 4
2650 3
2651 8
2652 6
2653 10
2654 8
2655 11
2656 8
2657 5
2658 8
2659 4
2660 6
2661 4
2662 6
2663 4
2664 3
2665 3
2666 4
2667 4
2668 3
2669 6
2670 5
2671 4
2672 6
2673 3
2674 3
2675 4
2676 5
2677 2
2678 5
2679 8
2680 5
2681 6
2682 2
2683 5
2684 2
2685 10
2686 8
2687 0
2688 7
2689 3
2690 3
2691 8
2692 6
2693 8
2694 5
2695 7
2696 3
2697 4
2698 6
2699 3
2700 3
2701 4
2702 6
2703 6
2704 6
2705 5
2706 11
2707 2
2708 7
2709 8
2710 8
2711 4
2712 1
2713 8
2714 7
2715 8
2716 9
2717 5
2718 6
2719 3
2720 4
2721 3
2722 5
2723 12
2724 5
2725 6
2726 9
2727 4
2728 9
2729 4
2730 2
2731 6
2732 4
2733 7
2734 7
2735 2
2736 8
2737 6
2738 4
2739 8
2740 2
2741 2
2742 9
2743 9
2744 5
2745 6
2746 3
2747 3
2748 7
2749 4
2750 7
2751 1
2752 6
2753 4
2754 3
2755 10
2756 4
2757 3
2758 4
2759 7
2760 2
2761 6
2762 2
2763 2
2764 7
2765 4
2766 9
2767 3
2768 11
2769 9
2770 2
2771 6
2772 6
2773 5
2774 5
2775 9
2776 5
2777 3
2778 2
2779 8
2780 4
2781 5
2782 1
2783 5
2784 1
2785 4
2786 6
2787 8
2788 6
2789 9
2790 4
2791 4
2792 7
2793 6
2794 8
2795 6
2796 7
2797 7
2798 4
2799 5
2800 8
2801 6
2802 4
2803 6
2804 7
2805 8
2806 4
2807 8
2808 9
2809 7
2810 7
2811 4
2812 9
2813 3
2814 4
2815 2
2816 3
2817 4
2818 6
2819 1
2820 1
2821 3
2822 4
2823 3
2824 8
2825 4
2826 7
2827 7
2828 5
2829 4
2830 10
2831 7
2832 3
2833 3
2834 5
2835 3
2836 4
2837 3
2838 6
2839 7
2840 4
2841 6
2842 5
2843 3
2844 5
2845 5
2846 7
2847 3
2848 7
2849 3
2850 3
2851 2
2852 3
2853 6
2854 7
2855 3
2856 2
2857 8
2858 4
2859 5
2860 6
2861 3
2862 9
2863 7
2864 7
2865 7
2866 8
2867 1
2868 8
2869 3
2870 8
2871 5
2872 5
2873 3
2874 5
2875 8
2876 9
2877 5
2878 4
2879 10
2880 1
2881 6
2882 2
2883 7
2884 5
2885 3
2886 4
2887 4
2888 9
2889 4
2890 1
2891 4
2892 3
2893 4
2894 6
2895 3
2896 6
2897 6
2898 4
2899 6
2900 4
2901 9
2902 6
2903 11
2904 7
2905 4
2906 9
2907 2
2908 8
2909 2
2910 6
2911 5
2912 5
2913 1
2914 2
2915 1
2916 4
2917 5
2918 6
2919 4
2920 2
2921 7
2922 4
2923 8
2924 13
2925 0
2926 8
2927 4
2928 4
2929 7
2930 5
2931 5
2932 4
2933 4
2934 10
2935 4
2936 5
2937 6
2938 4
2939 2
2940 7
2941 7
2942 5
2943 3
2944 4
2945 4
2946 2
2947 6
2948 4
2949 9
2950 2
2951 6
2952 7
2953 5
2954 6
2955 7
2956 0
2957 8
2958 6
2959 3
2960 8
2961 8
2962 6
2963 6
2964 10
2965 5
2966 3
2967 3
2968 4
2969 4
2970 5
2971 5
2972 4
2973 1
2974 6
2975 8
2976 6
2977 4
2978 4
2979 7
2980 5
2981 8
2982 4
2983 5
2984 3
2985 4
2986 7
2987 3
2988 2
2989 6
2990 8
2991 12
2992 6
2993 5
2994 5
2995 6
2996 2
2997 2
2998 7
2999 8
3000 5
3001 6
3002 1
3003 6
3004 6
3005 7
3006 3
3007 6
3008 4
3009 9
3010 8
3011 9
3012 3
3013 2
3014 3
3015 4
3016 10
3017 6
3018 9
3019 5
3020 6
3021 3
3022 5
3023 2
3024 4
3025 4
3026 7
3027 2
3028 3
3029 9
3030 7
3031 5
3032 7
3033 7
3034 5
3035 4
3036 4
3037 7
3038 5
3039 7
3040 3
3041 5
3042 6
3043 5
3044 7
3045 5
3046 9
3047 7
3048 5
3049 3
3050 5
3051 8
3052 3
3053 5
3054 4
3055 4
3056 3
3057 9
3058 6
3059 8
3060 5
3061 7
3062 8
3063 3
3064 7
3065 5
3066 14
3067 3
3068 6
3069 6
3070 8
3071 8
3072 5
3073 4
3074 8
3075 4
3076 2
3077 6
3078 3
3079 4
3080 5
3081 3
3082 3
3083 3
3084 6
3085 2
3086 8
3087 3
3088 5
3089 5
3090 8
3091 5
3092 4
3093 4
3094 5
3095 3
3096 2
3097 5
3098 2
3099 5
3100 1
3101 8
3102 6
3103 8
3104 2
3105 2
3106 5
3107 5
3108 7
3109 5
3110 6
3111 4
3112 7
3113 4
3114 10
3115 5
3116 9
3117 3
3118 9
3119 7
3120 7
3121 2
3122 4
3123 9
3124 6
3125 5
3126 4
3127 2
3128 5
3129 4
3130 5
3131 6
3132 9
3133 6
3134 7
3135 7
3136 9
3137 9
3138 4
3139 5
3140 4
3141 3
3142 9
3143 3
3144 4
3145 7
3146 7
3147 4
3148 8
3149 3
3150 4
3151 3
3152 3
3153 4
3154 5
3155 4
3156 4
3157 11
3158 4
3159 6
3160 8
3161 3
3162 6
3163 3
3164 2
3165 3
3166 8
3167 7
3168 10
3169 6
3170 5
3171 5
3172 5
3173 5
3174 3
3175 8
3176 4
3177 3
3178 5
3179 6
3180 7
3181 4
3182 8
3183 6
3184 4
3185 8
3186 5
3187 3
3188 6
3189 5
3190 2
3191 10
3192 6
3193 2
3194 3
3195 6
3196 5
3197 4
3198 5
3199 4
3200 6
3201 5
3202 2
3203 10
3204 4
3205 6
3206 3
3207 3
3208 2
3209 5
3210 9
3211 2
3212 6
3213 3
3214 6
3215 3
3216 5
3217 3
3218 0
3219 2
3220 4
3221 3
3222 6
3223 5
3224 6
3225 6
3226 7
3227 5
3228 5
3229 5
3230 9
3231 7
3232 4
3233 5
3234 10
3235 11
3236 4
3237 11
3238 8
3239 7
3240 6
3241 4
3242 3
3243 8
3244 6
3245 7
3246 4
3247 8
3248 3
3249 7
3250 4
3251 3
3252 7
3253 3
3254 4
3255 5
3256 6
3257 5
3258 9
3259 6
3260 6
3261 9
3262 4
3263 5
3264 8
3265 7
3266 7
3267 6
3268 4
3269 7
3270 6
3271 4
3272 7
3273 7
3274 6
3275 5
3276 9
3277 6
3278 6
3279 6
3280 2
3281 11
3282 4
3283 5
3284 8
3285 5
3286 4
3287 2
3288 4
3289 5
3290 5
3291 4
3292 6
3293 6
3294 1
3295 5
3296 10
3297 4
3298 9
3299 5
3300 8
3301 6
3302 6
3303 5
3304 13
3305 10
3306 3
3307 6
3308 7
3309 14
3310 3
3311 7
3312 7
3313 4
3314 3
3315 3
3316 1
3317 5
3318 1
3319 3
3320 9
3321 8
3322 8
3323 3
3324 4
3325 3
3326 6
3327 4
3328 3
3329 4
3330 5
3331 7
3332 4
3333 3
3334 4
3335 4
3336 6
3337 5
3338 10
3339 3
3340 9
3341 4
3342 3
3343 8
3344 3
3345 5
3346 6
3347 10
3348 2
3349 6
3350 3
3351 4
3352 3
3353 4
3354 3
3355 3
3356 4
3357 4
3358 1
3359 6
3360 5
3361 4
3362 7
3363 4
3364 9
3365 5
3366 3
3367 7
3368 7
3369 8
3370 5
3371 2
3372 5
3373 5
3374 3
3375 4
3376 4
3377 8
3378 5
3379 9
3380 3
3381 6
3382 1
3383 8
3384 8
3385 5
3386 2
3387 11
3388 5
3389 3
3390 8
3391 9
3392 3
3393 9
3394 8
3395 6
3396 4
3397 4
3398 8
3399 2
3400 3
3401 3
3402 8
3403 6
3404 7
3405 11
3406 3
3407 2
3408 6
3409 8
3410 4
3411 5
3412 8
3413 6
3414 4
3415 4
3416 4
3417 2
3418 7
3419 3
3420 4
3421 7
3422 11
3423 5
3424 1
3425 3
3426 1
3427 6
3428 8
3429 3
3430 4
3431 4
3432 6
3433 2
3434 4
3435 12
3436 10
3437 12
3438 4
3439 4
3440 2
3441 5
3442 2
3443 6
3444 4
3445 3
3446 3
3447 3
3448 6
3449 5
3450 5
3451 1
3452 5
3453 10
3454 9
3455 3
3456 11
3457 3
3458 1
3459 2
3460 4
3461 3
3462 3
3463 3
3464 6
3465 2
3466 8
3467 6
3468 4
3469 1
3470 9
3471 5
3472 6
3473 3
3474 12
3475 5
3476 6
3477 5
3478 1
3479 10
3480 1
3481 4
3482 6
3483 10
3484 12
3485 5
3486 6
3487 9
3488 3
3489 4
3490 7
3491 6
3492 10
3493 7
3494 7
3495 10
3496 2
3497 6
3498 7
3499 8
3500 7
3501 3
3502 6
3503 7
3504 6
3505 4
3506 11
3507 4
3508 4
3509 5
3510 9
3511 4
3512 8
3513 2
3514 6
3515 6
3516 2
3517 3
3518 4
3519 11
3520 3
3521 2
3522 7
3523 4
3524 2
3525 5
3526 3
3527 6
3528 6
3529 8
3530 3
3531 7
3532 4
3533 5
3534 6
3535 7
3536 3
3537 3
3538 3
3539 7
3540 4
3541 3
3542 5
3543 10
3544 9
3545 4
3546 6
3547 6
3548 3
3549 5
3550 4
3551 10
3552 4
3553 6
3554 5
3555 1
3556 3
3557 3
3558 5
3559 8
3560 9
3561 5
3562 5
3563 2
3564 6
3565 5
3566 5
3567 3
3568 4
3569 3
3570 6
3571 3
3572 3
3573 5
3574 6
3575 6
3576 6
3577 12
3578 5
3579 4
3580 7
3581 3
3582 2
3583 7
3584 8
3585 4
3586 5
3587 7
3588 9
3589 5
3590 6
3591 5
3592 3
3593 6
3594 6
3595 5
3596 6
3597 8
3598 7
3599 6
3600 11
3601 6
3602 6
3603 7
3604 5
3605 5
3606 5
3607 7
3608 4
3609 6
3610 1
3611 4
3612 4
3613 1
3614 8
3615 4
3616 5
3617 2
3618 8
3619 9
3620 8
3621 2
3622 3
3623 5
3624 8
3625 4
3626 3
3627 7
3628 3
3629 3
3630 3
3631 4
3632 3
3633 5
3634 5
3635 9
3636 6
3637 4
3638 7
3639 2
3640 5
3641 7
3642 0
3643 7
3644 4
3645 6
3646 3
3647 3
3648 8
3649 7
3650 3
3651 4
3652 5
3653 7
3654 8
3655 3
3656 6
3657 3
3658 3
3659 2
3660 5
3661 7
3662 4
3663 6
3664 4
3665 4
3666 7
3667 6
3668 8
3669 7
3670 8
3671 6
3672 6
3673 8
3674 5
3675 4
3676 4
3677 3
3678 3
3679 3
3680 12
3681 5
3682 5
3683 4
3684 6
3685 9
3686 7
3687 6
3688 5
3689 2
3690 7
3691 0
3692 6
3693 2
3694 3
3695 8
3696 4
3697 4
3698 3
3699 3
3700 4
3701 5
3702 6
3703 4
3704 4
3705 6
3706 9
3707 2
3708 7
3709 4
3710 5
3711 3
3712 3
3713 6
3714 7
3715 5
3716 2
3717 8
3718 2
3719 9
3720 4
3721 4
3722 7
3723 10
3724 4
3725 5
3726 7
3727 7
3728 4
3729 6
3730 7
3731 5
3732 3
3733 4
3734 8
3735 4
3736 6
3737 3
3738 9
3739 4
3740 6
3741 5
3742 7
3743 9
3744 1
3745 5
3746 4
3747 7
3748 5
3749 9
3750 2
3751 7
3752 9
3753 14
3754 5
3755 3
3756 2
3757 5
3758 2
3759 7
3760 2
3761 11
3762 6
3763 4
3764 2
3765 7
3766 4
3767 5
3768 3
3769 4
3770 2
3771 6
3772 6
3773 5
3774 3
3775 9
3776 6
3777 6
3778 3
3779 1
3780 5
3781 4
3782 4
3783 8
3784 6
3785 6
3786 5
3787 6
3788 4
3789 7
3790 4
3791 6
3792 8
3793 5
3794 4
3795 3
3796 6
3797 4
3798 7
3799 2
3800 4
3801 8
3802 4
3803 6
3804 1
3805 2
3806 11
3807 7
3808 7
3809 2
3810 6
3811 5
3812 9
3813 9
3814 7
3815 5
3816 3
3817 11
3818 7
3819 8
3820 4
3821 3
3822 2
3823 7
3824 4
3825 4
3826 4
3827 5
3828 9
3829 3
3830 6
3831 3
3832 5
3833 5
3834 5
3835 5
3836 6
3837 7
3838 2
3839 8
3840 3
3841 2
3842 7
3843 4
3844 8
3845 7
3846 4
3847 9
3848 7
3849 7
3850 8
3851 6
3852 5
3853 7
3854 8
3855 4
3856 8
3857 7
3858 4
3859 9
3860 6
3861 7
3862 6
3863 3
3864 8
3865 4
3866 5
3867 10
3868 6
3869 2
3870 6
3871 9
3872 9
3873 2
3874 5
3875 2
3876 3
3877 6
3878 8
3879 9
3880 7
3881 9
3882 6
3883 3
3884 11
3885 5
3886 5
3887 9
3888 6
3889 6
3890 6
3891 5
3892 3
3893 8
3894 4
3895 7
3896 4
3897 5
3898 5
3899 6
3900 2
3901 3
3902 6
3903 12
3904 2
3905 6
3906 3
3907 5
3908 4
3909 5
3910 3
3911 12
3912 1
3913 6
3914 5
3915 6
3916 3
3917 4
3918 9
3919 10
3920 5
3921 3
3922 4
3923 4
3924 6
3925 11
3926 7
3927 3
3928 1
3929 4
3930 4
3931 3
3932 7
3933 4
3934 4
3935 7
3936 3
3937 7
3938 5
3939 2
3940 5
3941 3
3942 4
3943 6
3944 6
3945 7
3946 7
3947 5
3948 6
3949 2
3950 3
3951 5
3952 2
3953 5
3954 4
3955 2
3956 4
3957 7
3958 5
3959 4
3960 8
3961 5
3962 3
3963 4
3964 7
3965 3
3966 9
3967 4
3968 5
3969 5
3970 4
3971 4
3972 7
3973 6
3974 7
3975 3
3976 2
3977 6
3978 5
3979 6
3980 1
3981 3
3982 9
3983 9
3984 5
3985 3
3986 2
3987 8
3988 5
3989 8
3990 8
3991 4
3992 9
3993 5
3994 5
3995 6
3996 3
3997 6
3998 9
3999 4
4000 3
4001 3
4002 8
4003 6
4004 8
4005 4
4006 7
4007 3
4008 8
4009 9
4010 6
4011 5
4012 4
4013 5
4014 2
4015 4
4016 3
4017 2
4018 6
4019 2
4020 10
4021 4
4022 2
4023 2
4024 7
4025 5
4026 6
4027 4
4028 5
4029 4
4030 5
4031 3
4032 9
4033 5
4034 7
4035 11
4036 4
4037 2
4038 1
4039 7
4040 5
4041 3
4042 7
4043 5
4044 9
4045 5
4046 3
4047 5
4048 2
4049 5
4050 8
4051 14
4052 4
4053 6
4054 4
4055 5
4056 3
4057 8
4058 2
4059 4
4060 8
4061 5
4062 8
4063 5
4064 3
4065 8
4066 6
4067 1
4068 5
4069 3
4070 4
4071 4
4072 9
4073 10
4074 5
4075 4
4076 4
4077 4
4078 3
4079 5
4080 1
4081 5
4082 5
4083 7
4084 4
4085 6
4086 3
4087 6
4088 4
4089 7
4090 7
4091 6
4092 6
4093 4
4094 10
4095 7
4096 6
4097 9
4098 4
4099 3
4100 8
4101 7
4102 7
4103 4
4104 5
4105 9
4106 7
4107 4
4108 10
4109 7
4110 3
4111 5
4112 3
4113 6
4114 5
4115 4
4116 8
4117 5
4118 4
4119 2
4120 3
4121 3
4122 3
4123 6
4124 7
4125 4
4126 2
4127 7
4128 5
4129 3
4130 7
4131 2
4132 4
4133 8
4134 4
4135 7
4136 6
4137 3
4138 7
4139 5
4140 6
4141 7
4142 6
4143 7
4144 11
4145 8
4146 8
4147 1
4148 5
4149 3
4150 3
4151 3
4152 6
4153 5
4154 4
4155 8
4156 4
4157 3
4158 2
4159 6
4160 5
4161 2
4162 11
4163 4
4164 6
4165 4
4166 8
4167 4
4168 1
4169 6
4170 6
4171 3
4172 2
4173 8
4174 2
4175 4
4176 6
4177 4
4178 3
4179 8
4180 3
4181 4
4182 5
4183 7
4184 6
4185 6
4186 6
4187 4
4188 1
4189 8
4190 7
4191 4
4192 3
4193 7
4194 8
4195 6
4196 6
4197 4
4198 3
4199 5
4200 8
4201 5
4202 5
4203 12
4204 6
4205 8
4206 4
4207 5
4208 5
4209 5
4210 1
4211 7
4212 7
4213 6
4214 2
4215 3
4216 3
4217 6
4218 3
4219 5
4220 8
4221 6
4222 1
4223 3
4224 9
4225 8
4226 2
4227 6
4228 5
4229 7
4230 8
4231 9
4232 6
4233 9
4234 6
4235 7
4236 4
4237 4
4238 3
4239 8
4240 5
4241 7
4242 4
4243 6
4244 6
4245 4
4246 9
4247 9
4248 4
4249 2
4250 8
4251 4
4252 5
4253 5
4254 5
4255 9
4256 1
4257 6
4258 3
4259 5
4260 5
4261 11
4262 5
4263 3
4264 5
4265 1
4266 4
4267 2
4268 4
4269 3
4270 6
4271 1
4272 6
4273 7
4274 7
4275 3
4276 6
4277 4
4278 3
4279 8
4280 4
4281 14
4282 4
4283 7
4284 7
4285 3
4286 3
4287 7
4288 3
4289 7
4290 4
4291 5
4292 4
4293 4
4294 9
4295 5
4296 5
4297 6
4298 8
4299 10
4300 7
4301 4
4302 7
4303 7
4304 5
4305 4
4306 2
4307 10
4308 5
4309 2
4310 3
4311 2
4312 1
4313 4
4314 7
4315 8
4316 8
4317 5
4318 5
4319 11
4320 4
4321 6
4322 6
4323 5
4324 10
4325 6
4326 1
4327 3
4328 8
4329 6
4330 0
4331 7
4332 12
4333 8
4334 5
4335 6
4336 5
4337 6
4338 8
4339 5
4340 4
4341 1
4342 6
4343 4
4344 5
4345 4
4346 5
4347 4
4348 4
4349 3
4350 1
4351 5
4352 8
4353 5
4354 9
4355 6
4356 4
4357 4
4358 4
4359 1
4360 3
4361 2
4362 7
4363 4
4364 2
4365 3
4366 6
4367 2
4368 10
4369 5
4370 3
4371 8
4372 6
4373 8
4374 3
4375 4
4376 3
4377 6
4378 6
4379 3
4380 8
4381 6
4382 0
4383 8
4384 6
4385 6
4386 5
4387 7
4388 4
4389 7
4390 6
4391 8
4392 4
4393 2
4394 4
4395 3
4396 6
4397 9
4398 8
4399 3
4400 6
4401 7
4402 4
4403 4
4404 5
4405 4
4406 8
4407 4
4408 4
4409 5
4410 4
4411 5
4412 3
4413 5
4414 2
4415 5
4416 6
4417 8
4418 4
4419 5
4420 5
4421 4
4422 5
4423 4
4424 6
4425 3
4426 9
4427 2
4428 9
4429 4
4430 6
4431 4
4432 5
4433 5
4434 5
4435 4
4436 5
4437 5
4438 8
4439 4
4440 6
4441 8
4442 4
4443 8
4444 3
4445 7
4446 4
4447 8
4448 4
4449 6
4450 4
4451 6
4452 3
4453 8
4454 6
4455 8
4456 5
4457 4
4458 12
4459 6
4460 6
4461 9
4462 10
4463 7
4464 5
4465 5
4466 5
4467 6
4468 11
4469 5
4470 2
4471 4
4472 10
4473 5
4474 4
4475 3
4476 5
4477 5
4478 4
4479 5
4480 4
4481 5
4482 7
4483 6
4484 5
4485 9
4486 3
4487 1
4488 7
4489 4
4490 6
4491 9
4492 5
4493 6
4494 7
4495 6
4496 5
4497 3
4498 2
4499 6
4500 10
4501 6
4502 6
4503 3
4504 8
4505 5
4506 3
4507 6
4508 4
4509 6
4510 7
4511 4
4512 3
4513 8
4514 6
4515 3
4516 5
4517 4
4518 5
4519 9
4520 6
4521 2
4522 4
4523 8
4524 8
4525 6
4526 2
4527 6
4528 4
4529 2
4530 4
4531 10
4532 4
4533 2
4534 3
4535 6
4536 2
4537 2
4538 9
4539 6
4540 4
4541 7
4542 8
4543 5
4544 11
4545 2
4546 2
4547 7
4548 5
4549 5
4550 5
4551 5
4552 5
4553 4
4554 4
4555 2
4556 6
4557 8
4558 5
4559 7
4560 5
4561 4
4562 4
4563 10
4564 8
4565 3
4566 4
4567 5
4568 7
4569 4
4570 7
4571 4
4572 7
4573 5
4574 6
4575 7
4576 8
4577 2
4578 8
4579 10
4580 6
4581 8
4582 11
4583 5
4584 4
4585 5
4586 5
4587 7
4588 6
4589 2
4590 4
4591 4
4592 3
4593 6
4594 2
4595 2
4596 2
4597 1
4598 6
4599 6
4600 5
4601 7
4602 3
4603 7
4604 5
4605 7
4606 7
4607 9
4608 9
4609 3
4610 5
4611 1
4612 8
4613 8
4614 6
4615 3
4616 3
4617 3
4618 9
4619 4
4620 2
4621 5
4622 1
4623 3
4624 4
4625 6
4626 1
4627 8
4628 2
4629 7
4630 8
4631 7
4632 3
4633 6
4634 5
4635 11
4636 6
4637 8
4638 6
4639 7
4640 5
4641 3
4642 8
4643 3
4644 3
4645 2
4646 5
4647 5
4648 10
4649 6
4650 3
4651 3
4652 4
4653 3
4654 4
4655 5
4656 7
4657 5
4658 7
4659 5
4660 3
4661 2
4662 3
4663 11
4664 7
4665 5
4666 6
4667 8
4668 3
4669 4
4670 3
4671 6
4672 5
4673 9
4674 5
4675 4
4676 5
4677 4
4678 4
4679 4
4680 5
4681 6
4682 9
4683 6
4684 6
4685 8
4686 7
4687 7
4688 5
4689 6
4690 7
4691 5
4692 1
4693 7
4694 5
4695 4
4696 5
4697 10
4698 4
4699 5
4700 3
4701 2
4702 4
4703 4
4704 7
4705 3
4706 2
4707 3
4708 3
4709 4
4710 5
4711 2
4712 7
4713 5
4714 6
4715 8
4716 6
4717 6
4718 4
4719 2
4720 7
4721 10
4722 1
4723 5
4724 3
4725 8
4726 8
4727 7
4728 7
4729 2
4730 3
4731 8
4732 1
4733 9
4734 7
4735 2
4736 9
4737 3
4738 2
4739 8
4740 7
4741 7
4742 7
4743 6
4744 1
4745 5
4746 4
4747 3
4748 5
4749 7
4750 9
4751 4
4752 11
4753 5
4754 3
4755 3
4756 6
4757 6
4758 6
4759 4
4760 2
4761 6
4762 7
4763 11
4764 7
4765 3
4766 5
4767 6
4768 6
4769 6
4770 3
4771 7
4772 4
4773 3
4774 4
4775 5
4776 7
4777 6
4778 1
4779 4
4780 3
4781 5
4782 3
4783 8
4784 2
4785 8
4786 3
4787 5
4788 3
4789 4
4790 3
4791 4
4792 8
4793 4
4794 2
4795 5
4796 6
4797 6
4798 6
4799 7
4800 8
4801 6
4802 1
4803 8
4804 7
4805 9
4806 5
4807 8
4808 3
4809 7
4810 8
4811 6
4812 6
4813 7
4814 5
4815 8
4816 2
4817 8
4818 3
4819 8
4820 5
4821 9
4822 5
4823 3
4824 6
4825 6
4826 9
4827 5
4828 7
4829 5
4830 2
4831 3
4832 4
4833 10
4834 2
4835 5
4836 5
4837 2
4838 10
4839 4
4840 2
4841 8
4842 5
4843 8
4844 4
4845 6
4846 7
4847 2
4848 2
4849 3
4850 5
4851 8
4852 4
4853 11
4854 4
4855 6
4856 5
4857 6
4858 7
4859 5
4860 7
4861 8
4862 5
4863 4
4864 9
4865 3
4866 7
4867 3
4868 2
4869 3
4870 4
4871 5
4872 7
4873 5
4874 3
4875 6
4876 6
4877 7
4878 4
4879 7
4880 5
4881 5
4882 5
4883 3
4884 1
4885 5
4886 5
4887 1
4888 3
4889 4
4890 7
4891 5
4892 7
4893 4
4894 7
4895 1
4896 5
4897 4
4898 6
4899 5
4900 2
4901 5
4902 5
4903 9
4904 2
4905 6
4906 2
4907 7
4908 6
4909 6
4910 3
4911 2
4912 4
4913 5
4914 1
4915 4
4916 7
4917 6
4918 2
4919 2
4920 3
4921 2
4922 11
4923 7
4924 6
4925 9
4926 5
4927 3
4928 1
4929 4
4930 5
4931 6
4932 7
4933 3
4934 7
4935 7
4936 3
4937 7
4938 4
4939 7
4940 3
4941 3
4942 2
4943 7
4944 8
4945 9
4946 7
4947 6
4948 8
4949 4
4950 4
4951 7
4952 7
4953 3
4954 7
4955 3
4956 5
4957 4
4958 11
4959 9
4960 6
4961 1
4962 4
4963 8
4964 3
4965 0
4966 11
4967 7
4968 5
4969 10
4970 5
4971 7
4972 9
4973 5
4974 6
4975 3
4976 4
4977 6
4978 6
4979 7
4980 4
4981 8
4982 7
4983 3
4984 4
4985 2
4986 6
4987 8
4988 9
4989 4
4990 4
4991 4
4992 4
4993 7
4994 5
4995 5
4996 5
4997 6
4998 1
4999 9
5000 6
5001 5
5002 3
5003 9
5004 5
5005 6
5006 6
5007 13
5008 10
5009 6
5010 6
5011 6
5012 4
5013 4
5014 2
5015 5
5016 7
5017 6
5018 6
5019 5
5020 6
5021 4
5022 8
5023 7
5024 7
5025 9
5026 3
5027 5
5028 7
5029 2
5030 6
5031 6
5032 3
5033 3
5034 2
5035 4
5036 2
5037 5
5038 3
5039 9
5040 4
5041 5
5042 5
5043 7
5044 1
5045 8
5046 5
5047 9
5048 2
5049 4
5050 3
5051 9
5052 3
5053 5
5054 5
5055 7
5056 3
5057 7
5058 4
5059 6
5060 7
5061 10
5062 5
5063 7
5064 2
5065 3
5066 6
5067 2
5068 7
5069 8
5070 3
5071 5
5072 4
5073 5
5074 7
5075 6
5076 5
5077 4
5078 6
5079 4
5080 4
5081 5
5082 4
5083 2
5084 6
5085 6
5086 7
5087 9
5088 3
5089 5
5090 10
5091 6
5092 5
5093 6
5094 5
5095 8
5096 5
5097 4
5098 10
5099 5
5100 8
5101 8
5102 10
5103 7
5104 11
5105 8
5106 6
5107 1
5108 5
5109 2
5110 3
5111 7
5112 1
5113 5
5114 6
5115 3
5116 6
5117 8
5118 7
5119 6
5120 2
5121 4
5122 9
5123 1
5124 8
5125 7
5126 5
5127 8
5128 2
5129 7
5130 2
5131 5
5132 8
5133 3
5134 3
5135 7
5136 13
5137 0
5138 3
5139 3
5140 3
5141 5
5142 4
5143 3
5144 4
5145 6
5146 6
5147 4
5148 5
5149 6
5150 6
5151 5
5152 9
5153 3
5154 6
5155 3
5156 5
5157 5
5158 8
5159 5
5160 5
5161 4
5162 6
5163 4
5164 7
5165 4
5166 4
5167 5
5168 7
5169 4
5170 3
5171 7
5172 7
5173 9
5174 5
5175 7
5176 6
5177 5
5178 4
5179 5
5180 3
5181 4
5182 4
5183 7
5184 4
5185 5
5186 2
5187 5
5188 3
5189 3
5190 6
5191 7
5192 2
5193 5
5194 4
5195 4
5196 2
5197 4
5198 7
5199 8
5200 5
5201 3
5202 5
5203 7
5204 6
5205 7
5206 7
5207 10
5208 8
5209 9
5210 4
5211 3
5212 2
5213 7
5214 4
5215 2
5216 8
5217 4
5218 6
5219 4
5220 6
5221 6
5222 8
5223 5
5224 5
5225 3
5226 5
5227 0
5228 9
5229 6
5230 4
5231 5
5232 7
5233 3
5234 2
5235 5
5236 7
5237 5
5238 7
5239 9
5240 9
5241 5
5242 6
5243 7
5244 9
5245 11
5246 7
5247 3
5248 7
5249 1
5250 2
5251 5
5252 4
5253 5
5254 5
5255 7
5256 4
5257 3
5258 9
5259 8
5260 1
5261 8
5262 4
5263 2
5264 4
5265 2
5266 2
5267 3
5268 8
5269 4
5270 8
5271 8
5272 5
5273 6
5274 3
5275 6
5276 8
5277 5
5278 5
5279 2
5280 5
5281 5
5282 9
5283 5
5284 7
5285 7
5286 9
5287 2
5288 5
5289 5
5290 5
5291 6
5292 6
5293 9
5294 5
5295 11
5296 4
5297 7
5298 5
5299 7
5300 5
5301 5
5302 5
5303 6
5304 4
5305 4
5306 9
5307 5
5308 4
5309 2
5310 9
5311 5
5312 5
5313 7
5314 10
5315 7
5316 6
5317 8
5318 5
5319 6
5320 8
5321 7
5322 6
5323 4
5324 11
5325 7
5326 6
5327 5
5328 1
5329 6
5330 4
5331 5
5332 10
5333 6
5334 4
5335 8
5336 3
5337 6
5338 5
5339 8
5340 7
5341 3
5342 5
5343 6
5344 4
5345 4
5346 3
5347 4
5348 10
5349 8
5350 6
5351 6
5352 7
5353 9
5354 5
5355 5
5356 7
5357 5
5358 1
5359 1
5360 5
5361 5
5362 7
5363 3
5364 5
5365 8
5366 6
5367 3
5368 1
5369 3
5370 8
5371 3
5372 9
5373 5
5374 5
5375 5
5376 6
5377 1
5378 5
5379 6
5380 7
5381 7
5382 3
5383 5
5384 7
5385 7
5386 4
5387 8
5388 4
5389 4
5390 8
5391 4
5392 7
5393 3
5394 2
5395 4
5396 6
5397 4
5398 2
5399 0
5400 8
5401 5
5402 5
5403 6
5404 0
5405 6
5406 5
5407 5
5408 4
5409 7
5410 2
5411 8
5412 3
5413 4
5414 6
5415 2
5416 6
5417 4
5418 6
5419 6
5420 6
5421 7
5422 5
5423 3
5424 7
5425 4
5426 7
5427 5
5428 7
5429 2
5430 5
5431 6
5432 6
5433 3
5434 4
5435 4
5436 5
5437 5
5438 9
5439 5
5440 0
5441 7
5442 6
5443 6
5444 3
5445 4
5446 6
5447 6
5448 3
5449 8
5450 8
5451 4
5452 6
5453 5
5454 3
5455 8
5456 1
5457 4
5458 4
5459 5
5460 2
5461 5
5462 6
5463 3
5464 11
5465 14
5466 6
5467 7
5468 3
5469 4
5470 8
5471 11
5472 5
5473 6
5474 8
5475 7
5476 5
5477 4
5478 5
5479 3
5480 3
5481 3
5482 5
5483 7
5484 1
5485 3
5486 3
5487 3
5488 11
5489 6
5490 5
5491 6
5492 4
5493 4
5494 3
5495 3
5496 5
5497 5
5498 1
5499 5
5500 11
5501 2
5502 3
5503 4
5504 3
5505 6
5506 4
5507 3
5508 9
5509 7
5510 7
5511 1
5512 3
5513 3
5514 9
5515 6
5516 8
5517 4
5518 3
5519 7
5520 10
5521 0
5522 7
5523 8
5524 8
5525 11
5526 3
5527 2
5528 5
5529 4
5530 6
5531 6
5532 2
5533 4
5534 5
5535 9
5536 6
5537 7
5538 12
5539 10
5540 7
5541 2
5542 7
5543 5
5544 4
5545 8
5546 4
5547 3
5548 9
5549 11
5550 6
5551 3
5552 4
5553 5
5554 2
5555 5
5556 7
5557 2
5558 4
5559 7
5560 2
5561 5
5562 10
5563 5
5564 4
5565 2
5566 8
5567 5
5568 6
5569 4
5570 9
5571 7
5572 3
5573 5
5574 5
5575 5
5576 3
5577 8
5578 8
5579 4
5580 4
5581 5
5582 9
5583 5
5584 4
5585 4
5586 7
5587 2
5588 10
5589 5
5590 9
5591 5
5592 9
5593 3
5594 3
5595 2
5596 11
5597 6
5598 2
5599 8
5600 5
5601 8
5602 6
5603 7
5604 10
5605 4
5606 7
5607 6
5608 6
5609 7
5610 5
5611 3
5612 9
5613 3
5614 3
5615 1
5616 9
5617 3
5618 9
5619 4
5620 7
5621 3
5622 5
5623 8
5624 6
5625 10
5626 9
5627 4
5628 5
5629 6
5630 6
5631 4
5632 6
5633 7
5634 8
5635 9
5636 2
5637 3
5638 9
5639 8
5640 4
5641 5
5642 3
5643 7
5644 6
5645 5
5646 7
5647 5
5648 3
5649 4
5650 4
5651 7
5652 8
5653 3
5654 4
5655 8
5656 6
5657 2
5658 7
5659 6
5660 1
5661 7
5662 3
5663 9
5664 8
5665 1
5666 3
5667 5
5668 6
5669 3
5670 9
5671 5
5672 3
5673 5
5674 5
5675 5
5676 2
5677 7
5678 2
5679 9
5680 2
5681 6
5682 3
5683 5
5684 6
5685 6
5686 5
5687 6
5688 4
5689 4
5690 8
5691 8
5692 7
5693 8
5694 6
5695 4
5696 5
5697 3
5698 7
5699 5
5700 8
5701 1
5702 4
5703 9
5704 7
5705 6
5706 3
5707 9
5708 4
5709 5
5710 4
5711 4
5712 4
5713 7
5714 1
5715 10
5716 5
5717 7
5718 5
5719 5
5720 3
5721 5
5722 9
5723 3
5724 3
5725 5
5726 4
5727 7
5728 3
5729 3
5730 10
5731 7
5732 8
5733 11
5734 6
5735 6
5736 7
5737 7
5738 3
5739 5
5740 6
5741 5
5742 6
5743 9
5744 6
5745 5
5746 6
5747 4
5748 8
5749 3
5750 5
5751 4
5752 8
5753 5
5754 4
5755 2
5756 7
5757 7
5758 6
5759 4
5760 4
5761 3
5762 5
5763 3
5764 7
5765 2
5766 2
5767 2
5768 4
5769 4
5770 2
5771 5
5772 5
5773 4
5774 3
5775 5
5776 4
5777 11
5778 4
5779 3
5780 6
5781 4
5782 4
5783 6
5784 6
5785 4
5786 5
5787 7
5788 5
5789 5
5790 7
5791 6
5792 3
5793 4
5794 5
5795 9
5796 8
5797 5
5798 8
5799 11
5800 5
5801 4
5802 8
5803 7
5804 9
5805 5
5806 3
5807 5
5808 6
5809 4
5810 5
5811 5
5812 6
5813 12
5814 2
5815 3
5816 3
5817 3
5818 7
5819 7
5820 5
5821 7
5822 7
5823 6
5824 8
5825 3
5826 6
5827 4
5828 9
5829 6
5830 8
5831 5
5832 5
5833 6
5834 5
5835 6
5836 4
5837 4
5838 12
5839 9
5840 4
5841 5
5842 10
5843 7
5844 9
5845 5
5846 3
5847 2
5848 4
5849 4
5850 4
5851 3
5852 8
5853 4
5854 5
5855 5
5856 5
5857 5
5858 5
5859 5
5860 4
5861 8
5862 3
5863 7
5864 5
5865 10
5866 7
5867 5
5868 7
5869 3
5870 5
5871 9
5872 4
5873 5
5874 7
5875 5
5876 6
5877 7
5878 3
5879 5
5880 2
5881 3
5882 5
5883 3
5884 5
5885 3
5886 4
5887 7
5888 4
5889 6
5890 4
5891 4
5892 7
5893 10
5894 8
5895 1
5896 8
5897 1
5898 6
5899 8
5900 10
5901 9
5902 3
5903 4
5904 5
5905 7
5906 5
5907 8
5908 2
5909 2
5910 3
5911 2
5912 3
5913 3
5914 10
5915 3
5916 8
5917 3
5918 5
5919 6
5920 4
5921 6
5922 3
5923 2
5924 8
5925 5
5926 3
5927 5
5928 6
5929 2
5930 5
5931 8
5932 7
5933 9
5934 6
5935 3
5936 4
5937 4
5938 6
5939 5
5940 1
5941 6
5942 4
5943 6
5944 4
5945 6
5946 4
5947 10
5948 2
5949 4
5950 4
5951 7
5952 5
5953 5
5954 2
5955 5
5956 3
5957 3
5958 10
5959 7
5960 7
5961 11
5962 5
5963 6
5964 6
5965 4
5966 3
5967 8
5968 6
5969 4
5970 4
5971 7
5972 6
5973 4
5974 3
5975 10
5976 10
5977 8
5978 3
5979 5
5980 1
5981 4
5982 5
5983 5
5984 4
5985 8
5986 7
5987 7
5988 6
5989 3
5990 3
5991 5
5992 1
5993 5
5994 9
5995 7
5996 7
5997 11
5998 4
5999 5
6000 6
6001 5
6002 5
6003 5
6004 8
6005 5
6006 3
6007 2
6008 7
6009 5
6010 5
6011 6
6012 3
6013 4
6014 5
6015 6
6016 4
6017 3
6018 3
6019 5
6020 4
6021 5
6022 4
6023 5
6024 12
6025 8
6026 7
6027 5
6028 4
6029 5
6030 8
6031 7
6032 6
6033 8
6034 5
6035 8
6036 5
6037 5
6038 5
6039 3
6040 3
6041 5
6042 5
6043 5
6044 3
6045 2
6046 3
6047 7
6048 3
6049 3
6050 10
6051 7
6052 7
6053 7
6054 6
6055 10
6056 3
6057 10
6058 9
6059 2
6060 7
6061 9
6062 4
6063 9
6064 3
6065 12
6066 5
6067 6
6068 6
6069 6
6070 3
6071 7
6072 6
6073 5
6074 9
6075 1
6076 6
6077 9
6078 0
6079 4
6080 6
6081 6
6082 1
6083 7
6084 5
6085 8
6086 5
6087 4
6088 6
6089 3
6090 8
6091 8
6092 3
6093 6
6094 8
6095 4
6096 11
6097 5
6098 5
6099 6
6100 5
6101 3
6102 3
6103 7
6104 4
6105 3
6106 6
6107 6
6108 4
6109 4
6110 2
6111 4
6112 7
6113 0
6114 5
6115 3
6116 5
6117 4
6118 9
6119 4
6120 1
6121 3
6122 6
6123 11
6124 4
6125 6
6126 3
6127 6
6128 5
6129 1
6130 6
6131 3
6132 5
6133 6
6134 5
6135 4
6136 4
6137 4
6138 7
6139 10
6140 5
6141 3
6142 3
6143 4
6144 7
6145 10
6146 7
6147 9
6148 8
6149 3
6150 5
6151 8
6152 5
6153 8
6154 6
6155 7
6156 5
6157 8
6158 5
6159 4
6160 8
6161 5
6162 5
6163 9
6164 6
6165 3
6166 3
6167 6
6168 2
6169 8
6170 7
6171 3
6172 7
6173 8
6174 2
6175 8
6176 3
6177 7
6178 9
6179 4
6180 4
6181 6
6182 4
6183 2
6184 5
6185 7
6186 2
6187 3
6188 6
6189 3
6190 4
6191 5
6192 5
6193 7
6194 2
6195 6
6196 12
6197 2
6198 5
6199 4
6200 6
6201 4
6202 4
6203 7
6204 7
6205 3
6206 3
6207 5
6208 8
6209 7
6210 3
6211 11
6212 5
6213 2
6214 3
6215 5
6216 4
6217 7
6218 10
6219 2
6220 3
6221 7
6222 5
6223 6
6224 6
6225 5
6226 4
6227 2
6228 2
6229 3
6230 5
6231 7
6232 5
6233 6
6234 5
6235 10
6236 3
6237 3
6238 4
6239 6
6240 8
6241 1
6242 0
6243 1
6244 9
6245 3
6246 3
6247 6
6248 4
6249 1
6250 8
6251 6
6252 6
6253 6
6254 4
6255 6
6256 5
6257 5
6258 8
6259 6
6260 0
6261 3
6262 8
6263 7
6264 1
6265 7
6266 6
6267 7
6268 6
6269 1
6270 2
6271 7
6272 3
6273 5
6274 7
6275 10
6276 6
6277 7
6278 10
6279 8
6280 2
6281 1
6282 5
6283 6
6284 3
6285 1
6286 6
6287 2
6288 3
6289 6
6290 2
6291 5
6292 9
6293 6
6294 6
6295 5
6296 9
6297 8
6298 3
6299 8
6300 7
6301 6
6302 3
6303 2
6304 8
6305 3
6306 8
6307 1
6308 9
6309 9
6310 2
6311 3
6312 9
6313 3
6314 3
6315 7
6316 2
6317 6
6318 6
6319 5
6320 4
6321 5
6322 5
6323 7
6324 3
6325 1
6326 6
6327 6
6328 9
6329 3
6330 2
6331 5
6332 8
6333 9
6334 8
6335 3
6336 4
6337 7
6338 1
6339 7
6340 5
6341 3
6342 3
6343 4
6344 5
6345 5
6346 7
6347 2
6348 9
6349 7
6350 7
6351 4
6352 2
6353 4
6354 6
6355 4
6356 3
6357 12
6358 4
6359 10
6360 3
6361 4
6362 6
6363 10
6364 8
6365 6
6366 6
6367 6
6368 4
6369 4
6370 3
6371 5
6372 5
6373 9
6374 5
6375 6
6376 6
6377 2
6378 2
6379 6
6380 6
6381 8
6382 8
6383 8
6384 7
6385 4
6386 5
6387 5
6388 4
6389 5
6390 4
6391 4
6392 4
6393 6
6394 7
6395 3
6396 3
6397 5
6398 6
6399 5
6400 7
6401 6
6402 4
6403 5
6404 6
6405 4
6406 6
6407 5
6408 5
6409 4
6410 7
6411 7
6412 7
6413 6
6414 5
6415 5
6416 3
6417 4
6418 9
6419 5
6420 3
6421 2
6422 2
6423 6
6424 3
6425 7
6426 2
6427 7
6428 6
6429 2
6430 6
6431 3
6432 7
6433 4
6434 3
6435 5
6436 4
6437 4
6438 6
6439 4
6440 8
6441 4
6442 5
6443 3
6444 5
6445 4
6446 7
6447 8
6448 3
6449 3
6450 4
6451 3
6452 6
6453 4
6454 8
6455 2
6456 2
6457 3
6458 4
6459 7
6460 6
6461 6
6462 7
6463 5
6464 5
6465 10
6466 3
6467 5
6468 6
6469 6
6470 7
6471 7
6472 2
6473 3
6474 2
6475 4
6476 3
6477 5
6478 4
6479 6
6480 10
6481 5
6482 5
6483 4
6484 0
6485 5
6486 4
6487 3
6488 6
6489 4
6490 3
6491 7
6492 7
6493 6
6494 3
6495 4
6496 5
6497 3
6498 2
6499 6
6500 6
6501 4
6502 2
6503 6
6504 9
6505 9
6506 4
6507 5
6508 3
6509 5
6510 4
6511 2
6512 5
6513 4
6514 4
6515 7
6516 5
6517 5
6518 5
6519 4
6520 5
6521 4
6522 4
6523 6
6524 4
6525 4
6526 9
6527 6
6528 3
6529 6
6530 3
6531 5
6532 3
6533 8
6534 6
6535 9
6536 7
6537 6
6538 4
6539 2
6540 2
6541 5
6542 3
6543 4
6544 5
6545 1
6546 9
6547 5
6548 9
6549 10
6550 6
6551 7
6552 6
6553 8
6554 3
6555 6
6556 3
6557 2
6558 13
6559 6
6560 7
6561 6
6562 5
6563 2
6564 8
6565 3
6566 5
6567 10
6568 4
6569 4
6570 3
6571 6
6572 5
6573 7
6574 6
6575 3
6576 7
6577 7
6578 2
6579 2
6580 3
6581 4
6582 8
6583 4
6584 2
6585 8
6586 2
6587 9
6588 2
6589 5
6590 7
6591 6
6592 7
6593 11
6594 10
6595 7
6596 12
6597 4
6598 11
6599 2
6600 8
6601 5
6602 13
6603 10
6604 9
6605 4
6606 2
6607 8
6608 5
6609 5
6610 5
6611 8
6612 8
6613 4
6614 8
6615 6
6616 4
6617 7
6618 4
6619 6
6620 4
6621 5
6622 6
6623 5
6624 6
6625 11
6626 8
6627 7
6628 7
6629 2
6630 4
6631 9
6632 3
6633 6
6634 7
6635 1
6636 3
6637 7
6638 11
6639 6
6640 8
6641 5
6642 6
6643 9
6644 6
6645 6
6646 3
6647 7
6648 6
6649 7
6650 3
6651 6
6652 8
6653 10
6654 7
6655 8
6656 2
6657 3
6658 5
6659 4
6660 8
6661 5
6662 8
6663 4
6664 4
6665 4
6666 1
6667 4
6668 9
6669 6
6670 7
6671 10
6672 6
6673 5
6674 6
6675 8
6676 6
6677 4
6678 8
6679 8
6680 5
6681 4
6682 8
6683 7
6684 1
6685 8
6686 5
6687 4
6688 7
6689 10
6690 7
6691 3
6692 8
6693 6
6694 6
6695 6
6696 10
6697 2
6698 6
6699 5
6700 6
6701 3
6702 4
6703 2
6704 5
6705 6
6706 5
6707 5
6708 1
6709 3
6710 5
6711 4
6712 3
6713 4
6714 6
6715 3
6716 0
6717 5
6718 6
6719 3
6720 5
6721 2
6722 3
6723 5
6724 3
6725 3
6726 5
6727 3
6728 9
6729 3
6730 3
6731 6
6732 6
6733 15
6734 8
6735 11
6736 5
6737 7
6738 5
6739 6
6740 2
6741 9
6742 11
6743 5
6744 5
6745 7
6746 5
6747 5
6748 5
6749 1
6750 6
6751 7
6752 6
6753 3
6754 4
6755 6
6756 7
6757 5
6758 4
6759 11
6760 3
6761 5
6762 7
6763 6
6764 8
6765 8
6766 8
6767 2
6768 7
6769 7
6770 1
6771 6
6772 6
6773 6
6774 5
6775 6
6776 8
6777 8
6778 5
6779 8
6780 6
6781 6
6782 3
6783 3
6784 6
6785 5
6786 6
6787 5
6788 7
6789 7
6790 10
6791 5
6792 3
6793 3
6794 5
6795 4
6796 7
6797 7
6798 8
6799 3
6800 2
6801 8
6802 3
6803 7
6804 9
6805 8
6806 5
6807 6
6808 4
6809 7
6810 3
6811 3
6812 6
6813 8
6814 2
6815 6
6816 6
6817 9
6818 4
6819 8
6820 6
6821 6
6822 6
6823 6
6824 6
6825 4
6826 1
6827 12
6828 7
6829 5
6830 4
6831 5
6832 6
6833 5
6834 4
6835 5
6836 3
6837 7
6838 4
6839 7
6840 4
6841 4
6842 7
6843 10
6844 8
6845 9
6846 6
6847 5
6848 5
6849 6
6850 4
6851 5
6852 2
6853 4
6854 5
6855 6
6856 4
6857 3
6858 6
6859 1
6860 6
6861 6
6862 8
6863 3
6864 9
6865 8
6866 2
6867 4
6868 7
6869 5
6870 4
6871 4
6872 3
6873 7
6874 3
6875 5
6876 2
6877 3
6878 2
6879 4
6880 7
6881 4
6882 6
6883 6
6884 8
6885 10
6886 6
6887 3
6888 6
6889 4
6890 5
6891 6
6892 7
6893 6
6894 2
6895 1
6896 3
6897 5
6898 6
6899 6
6900 4
6901 6
6902 6
6903 4
6904 5
6905 7
6906 8
6907 6
6908 3
6909 7
6910 5
6911 3
6912 5
6913 6
6914 4
6915 6
6916 2
6917 7
6918 10
6919 10
6920 9
6921 6
6922 6
6923 6
6924 8
6925 8
6926 5
6927 8
6928 3
6929 5
6930 7
6931 4
6932 4
6933 4
6934 6
6935 6
6936 11
6937 7
6938 5
6939 2
6940 6
6941 2
6942 5
6943 8
6944 4
6945 9
6946 3
6947 3
6948 3
6949 8
6950 5
6951 3
6952 4
6953 4
6954 4
6955 5
6956 5
6957 6
6958 8
6959 4
6960 6
6961 7
6962 4
6963 2
6964 6
6965 4
6966 4
6967 2
6968 13
6969 3
6970 7
6971 4
6972 4
6973 4
6974 3
6975 5
6976 7
6977 8
6978 3
6979 3
6980 3
6981 7
6982 4
6983 5
6984 3
6985 7
6986 7
6987 2
6988 2
6989 5
6990 11
6991 7
6992 5
6993 9
6994 11
6995 10
6996 4
6997 5
6998 7
6999 12
7000 5
7001 9
7002 5
7003 6
7004 6
7005 4
7006 5
7007 4
7008 3
7009 6
7010 5
7011 5
7012 8
7013 6
7014 4
7015 5
7016 2
7017 5
7018 4
7019 3
7020 6
7021 6
7022 6
7023 7
7024 10
7025 4
7026 9
7027 5
7028 4
7029 5
7030 7
7031 6
7032 4
7033 4
7034 5
7035 6
7036 7
7037 8
7038 8
7039 5
7040 2
7041 5
7042 2
7043 4
7044 6
7045 6
7046 5
7047 8
7048 4
7049 3
7050 3
7051 6
7052 6
7053 4
7054 4
7055 2
7056 4
7057 2
7058 4
7059 6
7060 8
7061 6
7062 8
7063 7
7064 5
7065 4
7066 5
7067 4
7068 5
7069 8
7070 2
7071 4
7072 10
7073 6
7074 6
7075 5
7076 6
7077 3
7078 4
7079 3
7080 8
7081 5
7082 6
7083 2
7084 5
7085 11
7086 5
7087 5
7088 3
7089 2
7090 4
7091 5
7092 6
7093 8
7094 8
7095 8
7096 6
7097 6
7098 1
7099 4
7100 7
7101 3
7102 9
7103 5
7104 4
7105 6
7106 4
7107 1
7108 2
7109 2
7110 4
7111 7
7112 3
7113 1
7114 4
7115 6
7116 5
7117 5
7118 4
7119 5
7120 2
7121 5
7122 7
7123 3
7124 1
7125 4
7126 6
7127 5
7128 7
7129 3
7130 2
7131 2
7132 5
7133 5
7134 8
7135 8
7136 5
7137 5
7138 3
7139 6
7140 8
7141 7
7142 5
7143 5
7144 7
7145 6
7146 4
7147 7
7148 4
7149 6
7150 8
7151 7
7152 7
7153 7
7154 2
7155 2
7156 5
7157 5
7158 7
7159 5
7160 2
7161 1
7162 6
7163 4
7164 4
7165 4
7166 1
7167 5
7168 6
7169 11
7170 4
7171 7
7172 9
7173 7
7174 9
7175 5
7176 4
7177 3
7178 4
7179 8
7180 9
7181 2
7182 0
7183 5
7184 3
7185 4
7186 8
7187 6
7188 4
7189 7
7190 6
7191 2
7192 8
7193 8
7194 5
7195 2
7196 4
7197 7
7198 11
7199 5
7200 4
7201 4
7202 6
7203 4
7204 7
7205 6
7206 2
7207 5
7208 6
7209 3
7210 4
7211 4
7212 6
7213 6
7214 6
7215 5
7216 4
7217 6
7218 5
7219 5
7220 5
7221 7
7222 7
7223 5
7224 5
7225 5
7226 5
7227 6
7228 4
7229 1
7230 4
7231 2
7232 8
7233 9
7234 7
7235 8
7236 8
7237 6
7238 7
7239 6
7240 3
7241 4
7242 8
7243 7
7244 6
7245 5
7246 6
7247 5
7248 3
7249 5
7250 4
7251 7
7252 6
7253 7
7254 6
7255 7
7256 7
7257 4
7258 2
7259 3
7260 3
7261 2
7262 4
7263 5
7264 13
7265 4
7266 9
7267 0
7268 3
7269 7
7270 5
7271 3
7272 7
7273 5
7274 4
7275 5
7276 1
7277 4
7278 4
7279 4
7280 5
7281 2
7282 7
7283 8
7284 8
7285 7
7286 2
7287 4
7288 5
7289 8
7290 9
7291 5
7292 4
7293 8
7294 4
7295 5
7296 6
7297 3
7298 6
7299 5
7300 5
7301 7
7302 4
7303 2
7304 5
7305 4
7306 8
7307 2
7308 4
7309 6
7310 5
7311 5
7312 6
7313 9
7314 4
7315 3
7316 7
7317 5
7318 3
7319 4
7320 4
7321 6
7322 6
7323 6
7324 4
7325 5
7326 5
7327 7
7328 3
7329 5
7330 7
7331 5
7332 5
7333 2
7334 4
7335 3
7336 8
7337 3
7338 6
7339 7
7340 5
7341 6
7342 3
7343 7
7344 7
7345 5
7346 8
7347 6
7348 9
7349 3
7350 11
7351 8
7352 6
7353 5
7354 5
7355 4
7356 6
7357 5
7358 9
7359 5
7360 7
7361 7
7362 4
7363 7
7364 5
7365 6
7366 4
7367 8
7368 3
7369 10
7370 9
7371 6
7372 6
7373 4
7374 8
7375 5
7376 7
7377 7
7378 7
7379 5
7380 6
7381 4
7382 9
7383 2
7384 4
7385 7
7386 3
7387 8
7388 8
7389 2
7390 5
7391 4
7392 3
7393 6
7394 4
7395 3
7396 2
7397 4
7398 8
7399 1
7400 3
7401 6
7402 5
7403 7
7404 8
7405 6
7406 4
7407 4
7408 7
7409 6
7410 7
7411 7
7412 3
7413 5
7414 3
7415 6
7416 7
7417 6
7418 3
7419 5
7420 3
7421 2
7422 7
7423 5
7424 11
7425 0
7426 4
7427 5
7428 1
7429 6
7430 5
7431 6
7432 6
7433 2
7434 7
7435 4
7436 10
7437 11
7438 2
7439 5
7440 6
7441 6
7442 4
7443 9
7444 6
7445 4
7446 7
7447 5
7448 6
7449 5
7450 3
7451 7
7452 9
7453 2
7454 5
7455 9
7456 8
7457 4
7458 3
7459 5
7460 2
7461 2
7462 8
7463 4
7464 4
7465 4
7466 7
7467 6
7468 9
7469 5
7470 5
7471 7
7472 5
7473 3
7474 8
7475 5
7476 7
7477 1
7478 7
7479 3
7480 5
7481 6
7482 3
7483 13
7484 5
7485 1
7486 4
7487 9
7488 6
7489 3
7490 7
7491 2
7492 5
7493 7
7494 4
7495 5
7496 5
7497 1
7498 6
7499 5
7500 7
7501 5
7502 5
7503 9
7504 6
7505 4
7506 3
7507 5
7508 9
7509 6
7510 7
7511 6
7512 9
7513 4
7514 2
7515 7
7516 5
7517 0
7518 3
7519 7
7520 5
7521 6
7522 1
7523 7
7524 5
7525 9
7526 10
7527 1
7528 4
7529 6
7530 7
7531 8
7532 2
7533 5
7534 10
7535 8
7536 6
7537 7
7538 5
7539 3
7540 9
7541 6
7542 4
7543 7
7544 4
7545 7
7546 4
7547 6
7548 2
7549 8
7550 7
7551 6
7552 6
7553 8
7554 4
7555 5
7556 4
7557 8
7558 5
7559 4
7560 4
7561 2
7562 12
7563 8
7564 6
7565 3
7566 5
7567 6
7568 7
7569 7
7570 6
7571 9
7572 4
7573 1
7574 7
7575 3
7576 2
7577 8
7578 3
7579 3
7580 6
7581 7
7582 9
7583 8
7584 4
7585 4
7586 5
7587 3
7588 7
7589 2
7590 9
7591 9
7592 2
7593 4
7594 8
7595 7
7596 5
7597 10
7598 3
7599 7
7600 3
7601 5
7602 4
7603 7
7604 5
7605 5
7606 9
7607 6
7608 8
7609 7
7610 3
7611 3
7612 7
7613 10
7614 9
7615 3
7616 7
7617 3
7618 6
7619 9
7620 4
7621 5
7622 3
7623 5
7624 6
7625 2
7626 5
7627 1
7628 7
7629 5
7630 7
7631 3
7632 7
7633 5
7634 8
7635 3
7636 2
7637 6
7638 5
7639 3
7640 4
7641 6
7642 2
7643 4
7644 2
7645 7
7646 5
7647 5
7648 5
7649 12
7650 3
7651 5
7652 3
7653 8
7654 4
7655 2
7656 3
7657 4
7658 13
7659 8
7660 7
7661 5
7662 7
7663 2
7664 6
7665 6
7666 4
7667 5
7668 5
7669 6
7670 11
7671 7
7672 5
7673 5
7674 2
7675 5
7676 2
7677 4
7678 17
7679 2
7680 0
7681 4
7682 4
7683 8
7684 3
7685 6
7686 1
7687 3
7688 6
7689 3
7690 5
7691 3
7692 7
7693 3
7694 3
7695 4
7696 6
7697 8
7698 4
7699 13
7700 4
7701 4
7702 9
7703 5
7704 6
7705 7
7706 6
7707 6
7708 6
7709 4
7710 2
7711 5
7712 10
7713 5
7714 9
7715 10
7716 5
7717 5
7718 7
7719 6
7720 3
7721 4
7722 6
7723 5
7724 6
7725 6
7726 6
7727 4
7728 1
7729 8
7730 2
7731 8
7732 6
7733 2
7734 1
7735 8
7736 4
7737 7
7738 6
7739 5
7740 4
7741 3
7742 4
7743 4
7744 5
7745 5
7746 5
7747 7
7748 3
7749 3
7750 4
7751 5
7752 5
7753 4
7754 4
7755 6
7756 9
7757 7
7758 8
7759 7
7760 7
7761 6
7762 8
7763 5
7764 4
7765 5
7766 4
7767 3
7768 7
7769 4
7770 5
7771 4
7772 5
7773 4
7774 5
7775 6
7776 5
7777 4
7778 5
7779 2
7780 4
7781 8
7782 5
7783 7
7784 5
7785 5
7786 5
7787 3
7788 4
7789 3
7790 3
7791 4
7792 3
7793 4
7794 0
7795 6
7796 8
7797 5
7798 8
7799 4
7800 1
7801 4
7802 6
7803 11
7804 3
7805 3
7806 4
7807 4
7808 4
7809 3
7810 6
7811 3
7812 2
7813 6
7814 7
7815 5
7816 4
7817 4
7818 3
7819 4
7820 2
7821 5
7822 3
7823 9
7824 4
7825 6
7826 2
7827 4
7828 5
7829 5
7830 4
7831 3
7832 5
7833 2
7834 7
7835 8
7836 3
7837 4
7838 5
7839 3
7840 7
7841 6
7842 7
7843 5
7844 3
7845 10
7846 8
7847 4
7848 6
7849 6
7850 4
7851 6
7852 8
7853 11
7854 5
7855 6
7856 7
7857 7
7858 5
7859 6
7860 3
7861 3
7862 8
7863 8
7864 6
7865 2
7866 7
7867 10
7868 9
7869 2
7870 8
7871 3
7872 5
7873 5
7874 8
7875 3
7876 7
7877 5
7878 2
7879 7
7880 4
7881 5
7882 3
7883 7
7884 7
7885 4
7886 2
7887 6
7888 5
7889 9
7890 4
7891 6
7892 7
7893 8
7894 5
7895 5
7896 2
7897 2
7898 3
7899 7
7900 7
7901 0
7902 4
7903 6
7904 6
7905 1
7906 3
7907 5
7908 5
7909 6
7910 6
7911 3
7912 2
7913 9
7914 9
7915 8
7916 5
7917 5
7918 6
7919 3
7920 6
7921 0
7922 3
7923 4
7924 4
7925 5
7926 10
7927 3
7928 5
7929 9
7930 8
7931 6
7932 4
7933 0
7934 5
7935 3
7936 5
7937 10
7938 6
7939 4
7940 11
7941 6
7942 6
7943 7
7944 6
7945 6
7946 1
7947 4
7948 10
7949 2
7950 5
7951 4
7952 6
7953 10
7954 10
7955 4
7956 6
7957 6
7958 8
7959 7
7960 5
7961 6
7962 7
7963 6
7964 9
7965 9
7966 3
7967 3
7968 4
7969 4
7970 2
7971 7
7972 7
7973 3
7974 7
7975 5
7976 7
7977 7
7978 0
7979 3
7980 4
7981 3
7982 3
7983 8
7984 5
7985 5
7986 8
7987 11
7988 5
7989 9
7990 3
7991 3
7992 5
7993 8
7994 3
7995 2
7996 1
7997 6
7998 6
7999 8
8000 5
8001 9
8002 5
8003 4
8004 3
8005 5
8006 4
8007 4
8008 7
8009 2
8010 5
8011 8
8012 5
8013 4
8014 11
8015 1
8016 2
8017 6
8018 5
8019 5
8020 4
8021 6
8022 4
8023 3
8024 5
8025 6
8026 4
8027 5
8028 7
8029 3
8030 8
8031 4
8032 7
8033 6
8034 7
8035 3
8036 4
8037 5
8038 4
8039 4
8040 6
8041 5
8042 5
8043 3
8044 5
8045 6
8046 6
8047 5
8048 4
8049 2
8050 2
8051 3
8052 4
8053 4
8054 2
8055 3
8056 4
8057 6
8058 7
8059 4
8060 2
8061 5
8062 7
8063 7
8064 9
8065 10
8066 5
8067 9
8068 3
8069 9
8070 2
8071 8
8072 6
8073 6
8074 6
8075 6
8076 5
8077 6
8078 8
8079 2
8080 4
8081 3
8082 7
8083 5
8084 6
8085 3
8086 4
8087 5
8088 10
8089 5
8090 9
8091 9
8092 9
8093 6
8094 3
8095 5
8096 5
8097 7
8098 5
8099 8
8100 5
8101 7
8102 2
8103 4
8104 5
8105 1
8106 10
8107 7
8108 4
8109 5
8110 8
8111 4
8112 5
8113 6
8114 8
8115 2
8116 5
8117 5
8118 6
8119 8
8120 8
8121 7
8122 6
8123 3
8124 3
8125 7
8126 3
8127 3
8128 5
8129 4
8130 7
8131 5
8132 1
8133 5
8134 4
8135 5
8136 4
8137 4
8138 2
8139 6
8140 5
8141 9
8142 6
8143 3
8144 4
8145 6
8146 1
8147 1
8148 5
8149 8
8150 3
8151 8
8152 8
8153 1
8154 6
8155 6
8156 4
8157 6
8158 4
8159 4
8160 4
8161 4
8162 4
8163 3
8164 4
8165 5
8166 4
8167 4
8168 6
8169 2
8170 5
8171 5
8172 4
8173 4
8174 3
8175 4
8176 4
8177 6
8178 2
8179 5
8180 2
8181 3
8182 4
8183 8
8184 6
8185 5
8186 9
8187 3
8188 6
8189 5
8190 3
8191 5
8192 3
8193 8
8194 7
8195 6
8196 7
8197 6
8198 6
8199 4
8200 2
8201 4
8202 7
8203 10
8204 7
8205 9
8206 6
8207 6
8208 12
8209 9
8210 6
8211 1
8212 6
8213 7
8214 3
8215 5
8216 3
8217 4
8218 7
8219 7
8220 6
8221 5
8222 7
8223 5
8224 7
8225 5
8226 1
8227 2
8228 10
8229 4
8230 10
8231 5
8232 4
8233 5
8234 8
8235 3
8236 1
8237 5
8238 4
8239 3
8240 4
8241 7
8242 2
8243 3
8244 4
8245 8
8246 5
8247 3
8248 4
8249 4
8250 7
8251 3
8252 5
8253 5
8254 5
8255 10
8256 4
8257 6
8258 5
8259 6
8260 6
8261 10
8262 6
8263 7
8264 4
8265 8
8266 4
8267 8
8268 4
8269 5
8270 8
8271 5
8272 9
8273 4
8274 2
8275 5
8276 7
8277 5
8278 3
8279 8
8280 7
8281 2
8282 9
8283 6
8284 3
8285 0
8286 5
8287 6
8288 6
8289 3
8290 4
8291 10
8292 4
8293 8
8294 7
8295 6
8296 6
8297 3
8298 3
8299 7
8300 4
8301 2
8302 9
8303 6
8304 5
8305 8
8306 3
8307 6
8308 5
8309 3
8310 2
8311 7
8312 5
8313 8
8314 4
8315 5
8316 6
8317 5
8318 4
8319 10
8320 6
8321 7
8322 5
8323 7
8324 2
8325 4
8326 8
8327 5
8328 1
8329 7
8330 4
8331 8
8332 5
8333 3
8334 4
8335 2
8336 2
8337 12
8338 5
8339 10
8340 4
8341 7
8342 4
8343 6
8344 7
8345 4
8346 10
8347 4
8348 4
8349 4
8350 10
8351 3
8352 5
8353 5
8354 5
8355 6
8356 5
8357 4
8358 7
8359 6
8360 5
8361 5
8362 6
8363 2
8364 6
8365 4
8366 7
8367 3
8368 6
8369 8
8370 8
8371 7
8372 7
8373 4
8374 7
8375 0
8376 2
8377 8
8378 4
8379 5
8380 10
8381 7
8382 5
8383 6
8384 3
8385 6
8386 9
8387 6
8388 5
8389 2
8390 6
8391 4
8392 5
8393 9
8394 3
8395 2
8396 5
8397 5
8398 6
8399 5
8400 6
8401 5
8402 2
8403 5
8404 7
8405 5
8406 3
8407 2
8408 7
8409 4
8410 4
8411 8
8412 6
8413 4
8414 5
8415 3
8416 3
8417 1
8418 5
8419 3
8420 6
8421 5
8422 8
8423 2
8424 3
8425 7
8426 5
8427 4
8428 3
8429 3
8430 6
8431 5
8432 6
8433 5
8434 4
8435 6
8436 8
8437 4
8438 12
8439 5
8440 5
8441 4
8442 4
8443 7
8444 6
8445 6
8446 3
8447 8
8448 3
8449 7
8450 7
8451 6
8452 11
8453 7
8454 6
8455 7
8456 7
8457 3
8458 4
8459 11
8460 6
8461 6
8462 5
8463 7
8464 6
8465 6
8466 5
8467 6
8468 7
8469 9
8470 8
8471 2
8472 3
8473 4
8474 9
8475 6
8476 4
8477 7
8478 8
8479 3
8480 2
8481 7
8482 5
8483 12
8484 3
8485 4
8486 5
8487 5
8488 1
8489 4
8490 5
8491 3
8492 5
8493 1
8494 8
8495 11
8496 3
8497 14
8498 6
8499 6
8500 3
8501 6
8502 7
8503 4
8504 3
8505 9
8506 9
8507 7
8508 9
8509 4
8510 5
8511 6
8512 5
8513 4
8514 7
8515 4
8516 3
8517 9
8518 3
8519 4
8520 7
8521 3
8522 3
8523 6
8524 5
8525 3
8526 4
8527 4
8528 1
8529 4
8530 2
8531 4
8532 3
8533 5
8534 4
8535 12
8536 8
8537 4
8538 5
8539 4
8540 6
8541 4
8542 3
8543 3
8544 1
8545 6
8546 8
8547 1
8548 8
8549 5
8550 6
8551 6
8552 11
8553 6
8554 5
8555 5
8556 4
8557 5
8558 7
8559 3
8560 6
8561 8
8562 5
8563 9
8564 2
8565 7
8566 6
8567 5
8568 9
8569 2
8570 2
8571 6
8572 1
8573 4
8574 7
8575 3
8576 7
8577 9
8578 3
8579 5
8580 8
8581 4
8582 5
8583 2
8584 7
8585 6
8586 4
8587 4
8588 5
8589 5
8590 11
8591 11
8592 4
8593 7
8594 2
8595 6
8596 9
8597 5
8598 3
8599 7
8600 5
8601 3
8602 6
8603 2
8604 7
8605 5
8606 5
8607 9
8608 5
8609 6
8610 3
8611 5
8612 2
8613 5
8614 4
8615 7
8616 8
8617 3
8618 6
8619 1
8620 3
8621 6
8622 4
8623 7
8624 0
8625 5
8626 7
8627 2
8628 6
8629 10
8630 10
8631 5
8632 7
8633 7
8634 5
8635 6
8636 4
8637 5
8638 5
8639 6
8640 8
8641 6
8642 4
8643 1
8644 9
8645 10
8646 1
8647 4
8648 2
8649 4
8650 8
8651 2
8652 7
8653 2
8654 4
8655 4
8656 7
8657 8
8658 3
8659 12
8660 3
8661 10
8662 1
8663 6
8664 5
8665 3
8666 8
8667 9
8668 4
8669 4
8670 3
8671 4
8672 3
8673 6
8674 4
8675 3
8676 6
8677 4
8678 4
8679 5
8680 8
8681 2
8682 6
8683 4
8684 0
8685 5
8686 10
8687 11
8688 5
8689 4
8690 2
8691 3
8692 5
8693 3
8694 5
8695 4
8696 4
8697 4
8698 6
8699 6
8700 5
8701 5
8702 4
8703 7
8704 3
8705 1
8706 1
8707 3
8708 5
8709 7
8710 6
8711 5
8712 2
8713 5
8714 7
8715 6
8716 1
8717 7
8718 0
8719 4
8720 6
8721 1
8722 3
8723 8
8724 7
8725 5
8726 2
8727 3
8728 5
8729 6
8730 4
8731 8
8732 4
8733 3
8734 14
8735 3
8736 6
8737 2
8738 6
8739 6
8740 8
8741 12
8742 3
8743 6
8744 2
8745 5
8746 2
8747 11
8748 3
8749 7
8750 3
8751 2
8752 5
8753 9
8754 5
8755 8
8756 7
8757 6
8758 5
8759 3
8760 4
8761 6
8762 2
8763 8
8764 5
8765 8
8766 4
8767 7
8768 7
8769 2
8770 4
8771 6
8772 8
8773 7
8774 3
8775 4
8776 8
8777 8
8778 7
8779 12
8780 5
8781 3
8782 9
8783 5
8784 9
8785 2
8786 6
8787 3
8788 8
8789 0
8790 7
8791 5
8792 4
8793 4
8794 6
8795 6
8796 5
8797 3
8798 5
8799 6
8800 5
8801 4
8802 3
8803 8
8804 4
8805 3
8806 3
8807 3
8808 5
8809 6
8810 5
8811 6
8812 6
8813 10
8814 5
8815 1
8816 5
8817 7
8818 8
8819 10
8820 7
8821 6
8822 6
8823 2
8824 3
8825 5
8826 6
8827 5
8828 2
8829 4
8830 3
8831 4
8832 6
8833 5
8834 3
8835 8
8836 2
8837 6
8838 5
8839 4
8840 5
8841 4
8842 6
8843 7
8844 5
8845 3
8846 6
8847 6
8848 3
8849 4
8850 4
8851 3
8852 2
8853 5
8854 4
8855 7
8856 10
8857 10
8858 9
8859 5
8860 11
8861 6
8862 4
8863 4
8864 7
8865 8
8866 9
8867 4
8868 10
8869 3
8870 1
8871 5
8872 11
8873 6
8874 2
8875 7
8876 6
8877 5
8878 7
8879 5
8880 2
8881 5
8882 5
8883 5
8884 1
8885 4
8886 7
8887 7
8888 2
8889 3
8890 2
8891 10
8892 9
8893 3
8894 3
8895 6
8896 6
8897 7
8898 7
8899 3
8900 7
8901 6
8902 5
8903 3
8904 6
8905 6
8906 3
8907 6
8908 3
8909 3
8910 4
8911 4
8912 8
8913 4
8914 10
8915 6
8916 5
8917 5
8918 4
8919 8
8920 5
8921 4
8922 7
8923 6
8924 3
8925 5
8926 5
8927 11
8928 9
8929 4
8930 3
8931 3
8932 10
8933 6
8934 3
8935 6
8936 5
8937 5
8938 2
8939 1
8940 5
8941 6
8942 6
8943 3
8944 5
8945 3
8946 3
8947 4
8948 6
8949 4
8950 11
8951 5
8952 5
8953 5
8954 5
8955 4
8956 8
8957 4
8958 5
8959 5
8960 4
8961 4
8962 6
8963 6
8964 5
8965 3
8966 6
8967 3
8968 5
8969 3
8970 7
8971 5
8972 5
8973 1
8974 6
8975 7
8976 4
8977 5
8978 7
8979 4
8980 5
8981 9
8982 7
8983 7
8984 2
8985 7
8986 5
8987 8
8988 6
8989 1
8990 4
8991 6
8992 3
8993 4
8994 8
8995 6
8996 6
8997 6
8998 6
8999 4
9000 3
9001 11
9002 6
9003 5
9004 1
9005 2
9006 4
9007 7
9008 3
9009 4
9010 6
9011 3
9012 1
9013 5
9014 6
9015 8
9016 5
9017 4
9018 2
9019 10
9020 7
9021 8
9022 6
9023 9
9024 6
9025 5
9026 2
9027 6
9028 6
9029 2
9030 7
9031 9
9032 3
9033 4
9034 4
9035 4
9036 5
9037 5
9038 2
9039 5
9040 8
9041 7
9042 3
9043 3
9044 5
9045 4
9046 8
9047 5
9048 4
9049 5
9050 7
9051 10
9052 3
9053 6
9054 5
9055 4
9056 8
9057 6
9058 6
9059 5
9060 6
9061 4
9062 8
9063 5
9064 5
9065 4
9066 3
9067 8
9068 4
9069 5
9070 3
9071 3
9072 6
9073 8
9074 6
9075 6
9076 6
9077 4
9078 3
9079 7
9080 5
9081 3
9082 3
9083 7
9084 7
9085 4
9086 4
9087 8
9088 5
9089 7
9090 4
9091 3
9092 3
9093 7
9094 4
9095 8
9096 2
9097 8
9098 8
9099 9
9100 6
9101 5
9102 8
9103 5
9104 7
9105 4
9106 9
9107 5
9108 4
9109 2
9110 5
9111 5
9112 7
9113 3
9114 10
9115 5
9116 11
9117 3
9118 6
9119 0
9120 4
9121 7
9122 11
9123 8
9124 5
9125 7
9126 7
9127 9
9128 4
9129 4
9130 5
9131 9
9132 4
9133 8
9134 6
9135 6
9136 10
9137 5
9138 6
9139 9
9140 8
9141 3
9142 5
9143 11
9144 5
9145 6
9146 1
9147 6
9148 5
9149 8
9150 8
9151 4
9152 6
9153 7
9154 6
9155 8
9156 9
9157 2
9158 8
9159 3
9160 5
9161 4
9162 6
9163 5
9164 4
9165 4
9166 4
9167 4
9168 6
9169 5
9170 6
9171 4
9172 8
9173 7
9174 8
9175 6
9176 7
9177 12
9178 3
9179 5
9180 5
9181 3
9182 4
9183 4
9184 4
9185 6
9186 5
9187 6
9188 4
9189 5
9190 7
9191 4
9192 7
9193 8
9194 5
9195 7
9196 4
9197 6
9198 4
9199 5
9200 6
9201 4
9202 9
9203 6
9204 4
9205 4
9206 5
9207 7
9208 5
9209 7
9210 4
9211 7
9212 7
9213 5
9214 7
9215 4
9216 1
9217 5
9218 5
9219 6
9220 3
9221 9
9222 3
9223 6
9224 5
9225 1
9226 4
9227 6
9228 4
9229 5
9230 12
9231 5
9232 4
9233 3
9234 4
9235 6
9236 2
9237 3
9238 4
9239 8
9240 10
9241 3
9242 7
9243 3
9244 8
9245 3
9246 8
9247 8
9248 5
9249 3
9250 8
9251 5
9252 9
9253 6
9254 6
9255 2
9256 8
9257 5
9258 1
9259 6
9260 7
9261 5
9262 6
9263 5
9264 5
9265 6
9266 3
9267 7
9268 5
9269 5
9270 3
9271 6
9272 7
9273 2
9274 8
9275 0
9276 7
9277 3
9278 4
9279 11
9280 5
9281 3
9282 5
9283 6
9284 6
9285 5
9286 6
9287 3
9288 9
9289 6
9290 8
9291 10
9292 4
9293 6
9294 2
9295 6
9296 4
9297 3
9298 2
9299 4
9300 2
9301 6
9302 7
9303 6
9304 9
9305 4
9306 5
9307 7
9308 4
9309 6
9310 9
9311 4
9312 4
9313 5
9314 11
9315 3
9316 8
9317 7
9318 3
9319 5
9320 4
9321 5
9322 4
9323 6
9324 7
9325 4
9326 9
9327 5
9328 6
9329 4
9330 6
9331 5
9332 2
9333 6
9334 4
9335 3
9336 6
9337 8
9338 5
9339 1
9340 4
9341 5
9342 6
9343 5
9344 5
9345 9
9346 7
9347 2
9348 4
9349 5
9350 5
9351 6
9352 8
9353 3
9354 5
9355 3
9356 6
9357 3
9358 5
9359 3
9360 4
9361 4
9362 3
9363 8
9364 1
9365 6
9366 6
9367 3
9368 2
9369 3
9370 8
9371 4
9372 6
9373 1
9374 5
9375 4
9376 1
9377 4
9378 3
9379 6
9380 7
9381 4
9382 2
9383 0
9384 4
9385 6
9386 1
9387 3
9388 4
9389 9
9390 6
9391 2
9392 2
9393 9
9394 5
9395 4
9396 4
9397 4
9398 5
9399 4
9400 7
9401 3
9402 6
9403 12
9404 4
9405 5
9406 6
9407 5
9408 4
9409 6
9410 7
9411 6
9412 3
9413 5
9414 5
9415 4
9416 1
9417 11
9418 5
9419 5
9420 10
9421 6
9422 2
9423 4
9424 5
9425 7
9426 8
9427 6
9428 6
9429 2
9430 8
9431 4
9432 4
9433 6
9434 3
9435 3
9436 6
9437 2
9438 3
9439 6
9440 6
9441 7
9442 5
9443 10
9444 7
9445 4
9446 8
9447 10
9448 2
9449 5
9450 6
9451 9
9452 2
9453 3
9454 4
9455 6
9456 4
9457 3
9458 4
9459 6
9460 3
9461 5
9462 8
9463 7
9464 6
9465 2
9466 5
9467 5
9468 3
9469 4
9470 4
9471 8
9472 5
9473 6
9474 2
9475 12
9476 8
9477 5
9478 5
9479 10
9480 2
9481 5
9482 5
9483 3
9484 7
9485 7
9486 5
9487 5
9488 6
9489 1
9490 7
9491 4
9492 3
9493 5
9494 6
9495 5
9496 6
9497 6
9498 6
9499 7
9500 4
9501 8
9502 8
9503 5
9504 5
9505 9
9506 6
9507 5
9508 5
9509 8
9510 5
9511 5
9512 7
9513 7
9514 4
9515 4
9516 3
9517 4
9518 6
9519 4
9520 6
9521 6
9522 2
9523 5
9524 5
9525 7
9526 5
9527 1
9528 4
9529 6
9530 6
9531 11
9532 3
9533 6
9534 8
9535 4
9536 6
9537 3
9538 5
9539 5
9540 6
9541 5
9542 3
9543 10
9544 3
9545 4
9546 4
9547 4
9548 4
9549 7
9550 4
9551 10
9552 3
9553 11
9554 4
9555 6
9556 5
9557 8
9558 4
9559 7
9560 3
9561 9
9562 8
9563 5
9564 4
9565 9
9566 5
9567 6
9568 7
9569 11
9570 6
9571 4
9572 3
9573 4
9574 2
9575 7
9576 7
9577 4
9578 7
9579 6
9580 6
9581 2
9582 6
9583 4
9584 6
9585 7
9586 5
9587 5
9588 4
9589 4
9590 6
9591 7
9592 8
9593 8
9594 5
9595 6
9596 2
9597 3
9598 2
9599 6
9600 4
9601 3
9602 7
9603 8
9604 4
9605 8
9606 4
9607 8
9608 6
9609 3
9610 3
9611 1
9612 5
9613 6
9614 3
9615 4
9616 9
9617 7
9618 5
9619 2
9620 2
9621 3
9622 4
9623 5
9624 7
9625 4
9626 5
9627 3
9628 6
9629 8
9630 8
9631 4
9632 4
9633 6
9634 4
9635 6
9636 7
9637 8
9638 4
9639 4
9640 3
9641 5
9642 6
9643 8
9644 6
9645 4
9646 4
9647 7
9648 5
9649 9
9650 3
9651 3
9652 4
9653 4
9654 4
9655 6
9656 10
9657 3
9658 6
9659 5
9660 2
9661 4
9662 7
9663 4
9664 2
9665 6
9666 6
9667 6
9668 9
9669 7
9670 4
9671 6
9672 8
9673 5
9674 8
9675 8
9676 5
9677 6
9678 10
9679 4
9680 6
9681 3
9682 3
9683 4
9684 3
9685 8
9686 5
9687 3
9688 3
9689 6
9690 1
9691 8
9692 5
9693 3
9694 5
9695 4
9696 3
9697 2
9698 2
9699 5
9700 4
9701 6
9702 10
9703 3
9704 5
9705 2
9706 7
9707 3
9708 9
9709 4
9710 7
9711 8
9712 4
9713 6
9714 2
9715 3
9716 2
9717 4
9718 6
9719 8
9720 4
9721 3
9722 3
9723 6
9724 3
9725 4
9726 5
9727 2
9728 2
9729 7
9730 7
9731 6
9732 8
9733 7
9734 10
9735 4
9736 7
9737 6
9738 1
9739 9
9740 1
9741 5
9742 2
9743 2
9744 6
9745 4
9746 5
9747 6
9748 3
9749 4
9750 5
9751 9
9752 5
9753 9
9754 9
9755 6
9756 3
9757 0
9758 5
9759 2
9760 5
9761 8
9762 6
9763 10
9764 2
9765 5
9766 4
9767 3
9768 8
9769 8
9770 8
9771 3
9772 9
9773 3
9774 4
9775 3
9776 5
9777 6
9778 7
9779 6
9780 4
9781 6
9782 3
9783 3
9784 8
9785 3
9786 5
9787 3
9788 5
9789 6
9790 9
9791 8
9792 8
9793 10
9794 5
9795 9
9796 4
9797 7
9798 3
9799 6
9800 4
9801 9
9802 11
9803 2
9804 5
9805 3
9806 9
9807 0
9808 2
9809 4
9810 6
9811 5
9812 1
9813 3
9814 3
9815 7
9816 2
9817 9
9818 7
9819 7
9820 3
9821 8
9822 4
9823 3
9824 5
9825 2
9826 8
9827 7
9828 2
9829 6
9830 8
9831 5
9832 5
9833 4
9834 3
9835 10
9836 7
9837 6
9838 4
9839 5
9840 8
9841 5
9842 7
9843 8
9844 6
9845 6
9846 2
9847 3
9848 3
9849 6
9850 2
9851 2
9852 5
9853 7
9854 3
9855 6
9856 8
9857 10
9858 4
9859 5
9860 4
9861 6
9862 5
9863 5
9864 5
9865 3
9866 5
9867 5
9868 8
9869 3
9870 6
9871 6
9872 5
9873 4
9874 3
9875 6
9876 4
9877 6
9878 5
9879 5
9880 6
9881 4
9882 9
9883 7
9884 9
9885 8
9886 2
9887 2
9888 2
9889 6
9890 4
9891 6
9892 9
9893 4
9894 3
9895 2
9896 1
9897 5
9898 7
9899 2
9900 4
9901 3
9902 3
9903 4
9904 5
9905 6
9906 3
9907 8
9908 3
9909 6
9910 6
9911 3
9912 4
9913 8
9914 3
9915 6
9916 13
9917 8
9918 7
9919 5
9920 4
9921 5
9922 2
9923 4
9924 1
9925 3
9926 8
9927 10
9928 2
9929 9
9930 2
9931 3
9932 7
9933 7
9934 3
9935 8
9936 3
9937 3
9938 5
9939 8
9940 2
9941 6
9942 3
9943 5
9944 7
9945 4
9946 8
9947 8
9948 7
9949 4
9950 5
9951 4
9952 3
9953 7
9954 3
9955 5
9956 5
9957 6
9958 7
9959 6
9960 6
9961 10
9962 2
9963 6
9964 3
9965 7
9966 5
9967 8
9968 9
9969 8
9970 4
9971 4
9972 3
9973 6
9974 6
9975 5
9976 7
9977 5
9978 4
9979 5
9980 6
9981 7
9982 9
9983 6
9984 3
9985 8
9986 3
9987 6
9988 5
9989 10
9990 9
9991 3
9992 4
9993 8
9994 2
9995 8
9996 7
9997 8
9998 4
9999 5
