0 6
1 5
2 5
3 4
4 6
5 5
6 8
7 3
8 4
9 5
10 3
11 4
12 8
13 5
14 8
15 5
16 9
17 5
18 11
19 4
20 5
21 7
22 4
23 7
24 3
25 6
26 9
27 4
28 3
29 8
30 8
31 3
32 9
33 7
34 6
35 6
36 7
37 8
38 7
39 7
40 15
41 6
42 3
43 7
44 5
45 4
46 9
47 3
48 2
49 6
50 7
51 6
52 4
53 3
54 6
55 10
56 5
57 3
58 3
59 5
60 4
61 4
62 4
63 4
64 8
65 4
66 3
67 4
68 12
69 1
70 8
71 6
72 9
73 4
74 3
75 6
76 9
77 5
78 1
79 7
80 5
81 8
82 4
83 7
84 9
85 7
86 5
87 5
88 4
89 5
90 6
91 2
92 6
93 1
94 6
95 1
96 2
97 6
98 8
99 5
100 7
101 5
102 6
103 10
104 5
105 2
106 4
107 5
108 7
109 4
110 0
111 7
112 4
113 2
114 5
115 8
116 7
117 4
118 3
119 7
120 5
121 6
122 2
123 10
124 3
125 7
126 6
127 2
128 4
129 7
130 1
131 6
132 5
133 2
134 4
135 4
136 3
137 2
138 3
139 7
140 2
141 6
142 7
143 4
144 6
145 9
146 6
147 9
148 1
149 2
150 8
151 7
152 4
153 7
154 7
155 6
156 5
157 3
158 8
159 2
160 4
161 5
162 5
163 5
164 3
165 8
166 5
167 4
168 6
169 6
170 1
171 7
172 6
173 6
174 6
175 2
176 0
177 9
178 6
179 6
180 6
181 3
182 4
183 9
184 7
185 6
186 4
187 4
188 7
189 4
190 4
191 5
192 3
193 8
194 5
195 9
196 6
197 7
198 3
199 2
200 3
201 5
202 3
203 1
204 3
205 4
206 2
207 7
208 6
209 4
210 6
211 6
212 3
213 10
214 2
215 13
216 6
217 8
218 5
219 2
220 3
221 2
222 4
223 4
224 4
225 7
226 4
227 6
228 5
229 7
230 6
231 7
232 2
233 4
234 8
235 4
236 3
237 6
238 3
239 4
240 5
241 7
242 3
243 3
244 2
245 6
246 4
247 5
248 4
249 4
250 5
251 5
252 1
253 9
254 5
255 9
256 10
257 3
258 5
259 8
260 4
261 4
262 6
263 6
264 6
265 11
266 0
267 3
268 1
269 3
270 5
271 6
272 0
273 2
274 5
275 2
276 4
277 4
278 5
279 4
280 3
281 7
282 6
283 8
284 7
285 3
286 6
287 6
288 3
289 5
290 3
291 6
292 3
293 5
294 9
295 4
296 6
297 5
298 3
299 4
300 8
301 1
302 5
303 7
304 3
305 5
306 5
307 7
308 4
309 4
310 1
311 7
312 5
313 7
314 7
315 5
316 4
317 6
318 6
319 3
320 7
321 8
322 7
323 1
324 4
325 8
326 4
327 5
328 6
329 6
330 6
331 6
332 5
333 4
334 4
335 8
336 7
337 8
338 1
339 7
340 1
341 3
342 10
343 5
344 5
345 7
346 8
347 2
348 10
349 8
350 3
351 6
352 5
353 2
354 5
355 2
356 4
357 7
358 5
359 4
360 7
361 6
362 7
363 6
364 6
365 4
366 4
367 6
368 9
369 4
370 8
371 4
372 4
373 10
374 4
375 4
376 6
377 6
378 4
379 9
380 4
381 5
382 1
383 3
384 4
385 6
386 5
387 7
388 4
389 6
390 3
391 7
392 4
393 7
394 4
395 7
396 1
397 7
398 5
399 5
400 6
401 7
402 3
403 3
404 7
405 2
406 9
407 3
408 3
409 4
410 2
411 7
412 3
413 6
414 7
415 3
416 2
417 5
418 8
419 6
420 4
421 4
422 8
423 5
424 3
425 5
426 3
427 3
428 5
429 7
430 7
431 1
432 7
433 4
434 9
435 3
436 3
437 2
438 10
439 6
440 3
441 2
442 2
443 6
444 4
445 4
446 3
447 5
448 3
449 5
450 7
451 4
452 9
453 3
454 6
455 9
456 5
457 10
458 6
459 3
460 4
461 4
462 4
463 3
464 2
465 9
466 7
467 3
468 2
469 4
470 4
471 6
472 4
473 3
474 10
475 2
476 9
477 5
478 4
479 4
480 8
481 4
482 10
483 2
484 6
485 3
486 4
487 8
488 2
489 5
490 5
491 1
492 10
493 4
494 2
495 8
496 3
497 5
498 6
499 6
500 5
501 2
502 7
503 6
504 8
505 6
506 6
507 6
508 6
509 8
510 7
511 4
512 8
513 7
514 8
515 5
516 5
517 4
518 12
519 6
520 6
521 7
522 5
523 6
524 2
525 3
526 4
527 5
528 3
529 9
530 6
531 9
532 5
533 9
534 2
535 8
536 2
537 6
538 8
539 3
540 6
541 7
542 4
543 9
544 2
545 4
546 8
547 7
548 3
549 6
550 1
551 6
552 3
553 4
554 1
555 7
556 7
557 8
558 5
559 6
560 10
561 6
562 4
563 4
564 7
565 9
566 5
567 5
568 6
569 5
570 7
571 5
572 5
573 8
574 6
575 7
576 0
577 1
578 2
579 8
580 2
581 4
582 11
583 5
584 0
585 5
586 8
587 4
588 2
589 6
590 4
591 7
592 3
593 7
594 3
595 5
596 6
597 2
598 6
599 6
600 5
601 7
602 5
603 4
604 7
605 5
606 9
607 6
608 5
609 8
610 9
611 9
612 3
613 5
614 9
615 2
616 4
617 6
618 5
619 9
620 5
621 3
622 6
623 3
624 1
625 6
626 3
627 6
628 2
629 3
630 8
631 7
632 2
633 10
634 3
635 5
636 7
637 8
638 4
639 1
640 2
641 10
642 7
643 4
644 6
645 6
646 4
647 4
648 5
649 2
650 5
651 3
652 4
653 3
654 6
655 5
656 1
657 6
658 10
659 7
660 8
661 7
662 7
663 7
664 6
665 2
666 4
667 3
668 5
669 6
670 3
671 8
672 4
673 5
674 5
675 5
676 2
677 5
678 3
679 8
680 6
681 4
682 5
683 2
684 4
685 10
686 8
687 8
688 6
689 4
690 4
691 5
692 6
693 3
694 6
695 9
696 5
697 7
698 4
699 2
700 9
701 6
702 4
703 4
704 5
705 3
706 5
707 3
708 5
709 6
710 6
711 4
712 6
713 4
714 1
715 3
716 7
717 5
718 5
719 5
720 6
721 5
722 6
723 7
724 2
725 3
726 3
727 4
728 1
729 1
730 2
731 7
732 7
733 7
734 8
735 5
736 10
737 6
738 5
739 8
740 1
741 4
742 4
743 2
744 6
745 4
746 4
747 5
748 5
749 7
750 6
751 8
752 2
753 7
754 3
755 6
756 7
757 11
758 6
759 2
760 5
761 3
762 5
763 3
764 5
765 4
766 7
767 7
768 5
769 7
770 5
771 3
772 10
773 7
774 7
775 3
776 7
777 8
778 4
779 5
780 8
781 4
782 9
783 2
784 10
785 6
786 5
787 7
788 6
789 4
790 4
791 7
792 4
793 8
794 6
795 8
796 2
797 8
798 3
799 4
800 7
801 4
802 6
803 8
804 6
805 7
806 4
807 3
808 8
809 4
810 4
811 7
812 9
813 6
814 5
815 5
816 7
817 6
818 1
819 3
820 6
821 8
822 8
823 9
824 9
825 9
826 6
827 3
828 6
829 8
830 4
831 2
832 5
833 7
834 5
835 6
836 5
837 7
838 3
839 5
840 8
841 3
842 6
843 3
844 8
845 5
846 6
847 1
848 9
849 4
850 9
851 9
852 5
853 7
854 4
855 2
856 5
857 7
858 3
859 5
860 8
861 6
862 8
863 7
864 5
865 9
866 4
867 1
868 4
869 2
870 2
871 5
872 9
873 9
874 3
875 5
876 4
877 3
878 4
879 6
880 2
881 3
882 3
883 6
884 5
885 6
886 4
887 6
888 3
889 4
890 3
891 6
892 6
893 5
894 7
895 2
896 4
897 3
898 5
899 8
900 3
901 4
902 5
903 4
904 5
905 10
906 6
907 4
908 1
909 9
910 2
911 6
912 4
913 7
914 4
915 7
916 6
917 4
918 4
919 6
920 7
921 5
922 5
923 6
924 2
925 4
926 3
927 2
928 3
929 3
930 9
931 4
932 5
933 6
934 2
935 7
936 8
937 1
938 8
939 3
940 2
941 4
942 4
943 4
944 2
945 3
946 6
947 7
948 5
949 3
950 4
951 2
952 7
953 1
954 5
955 2
956 6
957 9
958 1
959 4
960 6
961 9
962 4
963 6
964 2
965 4
966 8
967 3
968 4
969 6
970 3
971 2
972 8
973 5
974 5
975 5
976 12
977 3
978 1
979 7
980 4
981 4
982 2
983 3
984 5
985 9
986 7
987 3
988 7
989 10
990 5
991 4
992 6
993 6
994 2
995 8
996 6
997 4
998 5
999 5
1000 5
1001 1
1002 4
1003 3
1004 4
1005 5
1006 6
1007 7
1008 3
1009 8
1010 4
1011 4
1012 4
1013 5
1014 11
1015 3
1016 7
1017 3
1018 5
1019 3
1020 8
1021 5
1022 10
1023 3
1024 5
1025 3
1026 4
1027 1
1028 4
1029 7
1030 7
1031 6
1032 0
1033 1
1034 4
1035 5
1036 6
1037 8
1038 8
1039 4
1040 5
1041 3
1042 4
1043 6
1044 12
1045 3
1046 2
1047 9
1048 4
1049 4
1050 6
1051 9
1052 8
1053 2
1054 4
1055 11
1056 10
1057 7
1058 8
1059 3
1060 9
1061 0
1062 5
1063 4
1064 4
1065 6
1066 9
1067 1
1068 8
1069 5
1070 7
1071 8
1072 1
1073 3
1074 8
1075 4
1076 6
1077 5
1078 5
1079 4
1080 1
1081 4
1082 3
1083 8
1084 5
1085 2
1086 5
1087 5
1088 2
1089 6
1090 4
1091 6
1092 6
1093 5
1094 3
1095 10
1096 7
1097 2
1098 3
1099 3
1100 4
1101 7
1102 7
1103 7
1104 3
1105 6
1106 5
1107 4
1108 4
1109 2
1110 9
1111 6
1112 5
1113 6
1114 3
1115 7
1116 5
1117 6
1118 5
1119 7
1120 3
1121 4
1122 4
1123 4
1124 5
1125 4
1126 4
1127 6
1128 9
1129 7
1130 2
1131 6
1132 7
1133 6
1134 8
1135 5
1136 6
1137 5
1138 3
1139 4
1140 7
1141 5
1142 9
1143 2
1144 9
1145 3
1146 6
1147 8
1148 6
1149 4
1150 10
1151 8
1152 8
1153 9
1154 3
1155 6
1156 6
1157 6
1158 4
1159 8
1160 6
1161 6
1162 7
1163 9
1164 5
1165 7
1166 2
1167 6
1168 5
1169 5
1170 6
1171 4
1172 4
1173 7
1174 4
1175 5
1176 5
1177 6
1178 7
1179 13
1180 7
1181 2
1182 5
1183 7
1184 3
1185 3
1186 7
1187 7
1188 4
1189 4
1190 8
1191 7
1192 8
1193 4
1194 7
1195 5
1196 6
1197 4
1198 4
1199 4
1200 7
1201 4
1202 2
1203 6
1204 6
1205 10
1206 6
1207 3
1208 7
1209 3
1210 6
1211 2
1212 7
1213 5
1214 6
1215 3
1216 1
1217 3
1218 4
1219 6
1220 5
1221 2
1222 6
1223 4
1224 6
1225 5
1226 7
1227 6
1228 4
1229 4
1230 1
1231 6
1232 5
1233 6
1234 3
1235 2
1236 5
1237 5
1238 8
1239 7
1240 9
1241 6
1242 5
1243 5
1244 4
1245 8
1246 6
1247 5
1248 7
1249 1
1250 5
1251 5
1252 7
1253 5
1254 1
1255 5
1256 4
1257 10
1258 9
1259 1
1260 3
1261 5
1262 6
1263 6
1264 4
1265 6
1266 2
1267 4
1268 3
1269 9
1270 5
1271 5
1272 9
1273 7
1274 3
1275 4
1276 4
1277 5
1278 6
1279 7
1280 2
1281 5
1282 1
1283 3
1284 3
1285 6
1286 7
1287 7
1288 4
1289 6
1290 8
1291 4
1292 2
1293 9
1294 5
1295 7
1296 4
1297 8
1298 5
1299 6
1300 9
1301 8
1302 6
1303 5
1304 8
1305 3
1306 4
1307 4
1308 2
1309 5
1310 1
1311 3
1312 4
1313 5
1314 8
1315 6
1316 2
1317 6
1318 2
1319 2
1320 4
1321 7
1322 7
1323 3
1324 4
1325 5
1326 6
1327 6
1328 7
1329 5
1330 2
1331 4
1332 3
1333 5
1334 4
1335 4
1336 2
1337 5
1338 8
1339 7
1340 3
1341 8
1342 5
1343 3
1344 9
1345 8
1346 3
1347 4
1348 5
1349 8
1350 4
1351 6
1352 2
1353 5
1354 5
1355 3
1356 5
1357 3
1358 6
1359 3
1360 9
1361 3
1362 5
1363 6
1364 7
1365 8
1366 7
1367 6
1368 2
1369 11
1370 3
1371 7
1372 6
1373 6
1374 1
1375 5
1376 5
1377 3
1378 3
1379 5
1380 5
1381 1
1382 4
1383 7
1384 10
1385 6
1386 5
1387 7
1388 7
1389 2
1390 8
1391 5
1392 6
1393 4
1394 4
1395 5
1396 7
1397 2
1398 1
1399 6
1400 3
1401 5
1402 5
1403 3
1404 8
1405 5
1406 7
1407 5
1408 6
1409 7
1410 4
1411 6
1412 3
1413 4
1414 5
1415 3
1416 4
1417 11
1418 5
1419 3
1420 1
1421 8
1422 3
1423 1
1424 2
1425 3
1426 4
1427 5
1428 2
1429 4
1430 6
1431 3
1432 6
1433 6
1434 4
1435 6
1436 10
1437 3
1438 3
1439 6
1440 4
1441 3
1442 5
1443 7
1444 5
1445 8
1446 3
1447 3
1448 10
1449 9
1450 2
1451 4
1452 4
1453 4
1454 3
1455 2
1456 4
1457 6
1458 4
1459 3
1460 4
1461 7
1462 5
1463 8
1464 7
1465 4
1466 8
1467 7
1468 3
1469 9
1470 4
1471 2
1472 6
1473 7
1474 7
1475 7
1476 5
1477 4
1478 7
1479 4
1480 7
1481 5
1482 6
1483 6
1484 8
1485 4
1486 6
1487 7
1488 4
1489 2
1490 3
1491 4
1492 3
1493 4
1494 3
1495 2
1496 4
1497 6
1498 6
1499 5
1500 1
1501 1
1502 3
1503 3
1504 4
1505 4
1506 7
1507 7
1508 8
1509 7
1510 3
1511 2
1512 4
1513 5
1514 7
1515 5
1516 10
1517 5
1518 9
1519 7
1520 6
1521 4
1522 2
1523 0
1524 7
1525 5
1526 2
1527 6
1528 7
1529 6
1530 7
1531 8
1532 5
1533 4
1534 7
1535 8
1536 5
1537 6
1538 6
1539 5
1540 4
1541 3
1542 3
1543 2
1544 6
1545 3
1546 5
1547 7
1548 7
1549 2
1550 5
1551 8
1552 5
1553 5
1554 2
1555 5
1556 1
1557 7
1558 5
1559 7
1560 3
1561 8
1562 8
1563 4
1564 4
1565 3
1566 4
1567 7
1568 5
1569 6
1570 5
1571 8
1572 5
1573 5
1574 4
1575 8
1576 5
1577 3
1578 5
1579 5
1580 3
1581 4
1582 7
1583 5
1584 6
1585 3
1586 1
1587 4
1588 3
1589 1
1590 5
1591 5
1592 5
1593 5
1594 3
1595 5
1596 5
1597 5
1598 2
1599 5
1600 6
1601 5
1602 4
1603 5
1604 9
1605 7
1606 9
1607 1
1608 5
1609 5
1610 4
1611 9
1612 7
1613 3
1614 3
1615 5
1616 7
1617 7
1618 6
1619 9
1620 13
1621 2
1622 3
1623 8
1624 6
1625 7
1626 9
1627 5
1628 2
1629 6
1630 2
1631 9
1632 9
1633 1
1634 9
1635 7
1636 4
1637 2
1638 6
1639 5
1640 9
1641 3
1642 8
1643 5
1644 6
1645 8
1646 7
1647 6
1648 2
1649 4
1650 3
1651 3
1652 5
1653 4
1654 6
1655 9
1656 5
1657 6
1658 7
1659 7
1660 3
1661 5
1662 5
1663 12
1664 3
1665 5
1666 4
1667 7
1668 5
1669 6
1670 4
1671 6
1672 1
1673 2
1674 3
1675 6
1676 7
1677 4
1678 5
1679 4
1680 2
1681 3
1682 2
1683 7
1684 4
1685 7
1686 12
1687 1
1688 3
1689 5
1690 4
1691 7
1692 3
1693 8
1694 1
1695 6
1696 4
1697 6
1698 6
1699 7
1700 4
1701 1
1702 10
1703 0
1704 3
1705 5
1706 4
1707 4
1708 3
1709 5
1710 4
1711 7
1712 3
1713 4
1714 3
1715 6
1716 4
1717 5
1718 2
1719 8
1720 4
1721 7
1722 4
1723 6
1724 2
1725 6
1726 4
1727 4
1728 9
1729 2
1730 8
1731 7
1732 2
1733 3
1734 3
1735 1
1736 5
1737 6
1738 4
1739 2
1740 7
1741 6
1742 4
1743 7
1744 8
1745 5
1746 8
1747 6
1748 4
1749 7
1750 4
1751 5
1752 6
1753 3
1754 9
1755 5
1756 3
1757 4
1758 5
1759 6
1760 7
1761 8
1762 5
1763 4
1764 8
1765 9
1766 6
1767 5
1768 3
1769 2
1770 7
1771 4
1772 0
1773 7
1774 5
1775 2
1776 6
1777 2
1778 11
1779 11
1780 3
1781 10
1782 8
1783 3
1784 6
1785 5
1786 5
1787 5
1788 3
1789 3
1790 5
1791 4
1792 3
1793 4
1794 3
1795 5
1796 2
1797 11
1798 4
1799 2
1800 4
1801 5
1802 2
1803 6
1804 8
1805 4
1806 5
1807 4
1808 3
1809 4
1810 2
1811 3
1812 6
1813 5
1814 7
1815 5
1816 5
1817 2
1818 9
1819 7
1820 5
1821 5
1822 2
1823 10
1824 6
1825 4
1826 7
1827 7
1828 6
1829 7
1830 9
1831 4
1832 6
1833 8
1834 3
1835 2
1836 6
1837 3
1838 2
1839 4
1840 11
1841 3
1842 2
1843 3
1844 5
1845 3
1846 2
1847 7
1848 6
1849 5
1850 7
1851 8
1852 6
1853 7
1854 5
1855 5
1856 2
1857 3
1858 6
1859 6
1860 10
1861 12
1862 5
1863 7
1864 4
1865 8
1866 10
1867 7
1868 7
1869 6
1870 2
1871 7
1872 5
1873 5
1874 8
1875 5
1876 6
1877 10
1878 7
1879 2
1880 7
1881 6
1882 7
1883 5
1884 3
1885 7
1886 3
1887 8
1888 4
1889 7
1890 2
1891 9
1892 3
1893 7
1894 6
1895 7
1896 3
1897 3
1898 4
1899 7
1900 8
1901 5
1902 5
1903 1
1904 6
1905 5
1906 7
1907 7
1908 3
1909 4
1910 3
1911 7
1912 3
1913 5
1914 4
1915 1
1916 8
1917 6
1918 7
1919 6
1920 2
1921 7
1922 7
1923 3
1924 8
1925 5
1926 2
1927 2
1928 7
1929 4
1930 5
1931 2
1932 7
1933 3
1934 3
1935 7
1936 6
1937 8
1938 2
1939 6
1940 3
1941 8
1942 2
1943 5
1944 2
1945 6
1946 5
1947 8
1948 2
1949 5
1950 5
1951 4
1952 5
1953 4
1954 6
1955 4
1956 1
1957 3
1958 3
1959 4
1960 2
1961 6
1962 7
1963 2
1964 4
1965 7
1966 4
1967 3
1968 7
1969 7
1970 9
1971 4
1972 3
1973 10
1974 4
1975 4
1976 5
1977 5
1978 8
1979 6
1980 7
1981 3
1982 2
1983 7
1984 6
1985 3
1986 6
1987 3
1988 4
1989 6
1990 8
1991 6
1992 1
1993 5
1994 2
1995 6
1996 5
1997 6
1998 3
1999 11
2000 10
2001 3
2002 7
2003 3
2004 6
2005 5
2006 4
2007 5
2008 4
2009 8
2010 3
2011 3
2012 10
2013 6
2014 6
2015 2
2016 3
2017 3
2018 6
2019 6
2020 7
2021 4
2022 9
2023 7
2024 2
2025 5
2026 8
2027 6
2028 4
2029 6
2030 7
2031 8
2032 5
2033 8
2034 2
2035 6
2036 4
2037 4
2038 8
2039 9
2040 12
2041 0
2042 3
2043 8
2044 6
2045 7
2046 7
2047 3
2048 5
2049 3
2050 5
2051 9
2052 7
2053 6
2054 1
2055 6
2056 8
2057 2
2058 8
2059 6
2060 4
2061 7
2062 6
2063 9
2064 5
2065 5
2066 3
2067 4
2068 2
2069 2
2070 6
2071 2
2072 5
2073 5
2074 8
2075 8
2076 4
2077 5
2078 4
2079 4
2080 4
2081 7
2082 6
2083 2
2084 5
2085 3
2086 9
2087 4
2088 5
2089 4
2090 13
2091 1
2092 4
2093 5
2094 5
2095 6
2096 2
2097 4
2098 5
2099 4
2100 9
2101 3
2102 5
2103 5
2104 5
2105 3
2106 2
2107 1
2108 1
2109 3
2110 6
2111 3
2112 5
2113 5
2114 5
2115 3
2116 7
2117 0
2118 3
2119 6
2120 4
2121 5
2122 3
2123 4
2124 4
2125 3
2126 3
2127 7
2128 6
2129 7
2130 10
2131 6
2132 7
2133 6
2134 5
2135 4
2136 6
2137 5
2138 5
2139 2
2140 6
2141 7
2142 3
2143 4
2144 3
2145 6
2146 8
2147 6
2148 5
2149 6
2150 7
2151 10
2152 6
2153 2
2154 5
2155 7
2156 4
2157 5
2158 1
2159 4
2160 5
2161 2
2162 6
2163 7
2164 2
2165 4
2166 6
2167 1
2168 3
2169 5
2170 5
2171 6
2172 4
2173 5
2174 5
2175 3
2176 5
2177 5
2178 6
2179 6
2180 6
2181 2
2182 6
2183 3
2184 10
2185 8
2186 7
2187 5
2188 4
2189 9
2190 5
2191 5
2192 3
2193 11
2194 3
2195 4
2196 5
2197 9
2198 6
2199 3
2200 3
2201 5
2202 3
2203 6
2204 6
2205 3
2206 3
2207 7
2208 11
2209 6
2210 7
2211 7
2212 3
2213 2
2214 3
2215 5
2216 1
2217 3
2218 3
2219 3
2220 5
2221 6
2222 0
2223 10
2224 3
2225 2
2226 5
2227 9
2228 1
2229 7
2230 3
2231 5
2232 5
2233 7
2234 7
2235 2
2236 5
2237 9
2238 8
2239 3
2240 5
2241 7
2242 2
2243 5
2244 6
2245 4
2246 2
2247 4
2248 9
2249 4
2250 10
2251 7
2252 2
2253 6
2254 4
2255 5
2256 2
2257 2
2258 3
2259 4
2260 7
2261 6
2262 4
2263 3
2264 1
2265 3
2266 6
2267 1
2268 6
2269 5
2270 3
2271 7
2272 9
2273 7
2274 2
2275 6
2276 12
2277 10
2278 9
2279 3
2280 6
2281 5
2282 4
2283 12
2284 3
2285 4
2286 3
2287 6
2288 7
2289 9
2290 7
2291 7
2292 6
2293 4
2294 4
2295 3
2296 5
2297 6
2298 9
2299 4
2300 7
2301 8
2302 4
2303 11
2304 7
2305 7
2306 5
2307 9
2308 9
2309 2
2310 6
2311 3
2312 7
2313 4
2314 6
2315 6
2316 7
2317 3
2318 4
2319 8
2320 10
2321 9
2322 3
2323 6
2324 3
2325 7
2326 8
2327 6
2328 5
2329 4
2330 6
2331 7
2332 5
2333 7
2334 2
2335 11
2336 7
2337 7
2338 3
2339 1
2340 1
2341 2
2342 6
2343 4
2344 3
2345 3
2346 4
2347 5
2348 6
2349 4
2350 7
2351 4
2352 1
2353 6
2354 5
2355 2
2356 2
2357 4
2358 9
2359 2
2360 6
2361 6
2362 8
2363 0
2364 5
2365 5
2366 4
2367 2
2368 6
2369 9
2370 5
2371 3
2372 8
2373 6
2374 2
2375 8
2376 4
2377 2
2378 1
2379 5
2380 3
2381 4
2382 5
2383 4
2384 4
2385 3
2386 6
2387 2
2388 6
2389 2
2390 3
2391 6
2392 5
2393 5
2394 5
2395 6
2396 7
2397 7
2398 0
2399 5
2400 4
2401 8
2402 7
2403 8
2404 4
2405 4
2406 4
2407 3
2408 3
2409 2
2410 6
2411 5
2412 9
2413 5
2414 5
2415 4
2416 6
2417 6
2418 2
2419 6
2420 2
2421 7
2422 4
2423 5
2424 9
2425 7
2426 7
2427 6
2428 8
2429 6
2430 7
2431 7
2432 7
2433 5
2434 2
2435 9
2436 1
2437 7
2438 4
2439 2
2440 8
2441 9
2442 5
2443 1
2444 5
2445 5
2446 3
2447 4
2448 3
2449 6
2450 3
2451 5
2452 4
2453 4
2454 4
2455 10
2456 4
2457 1
2458 5
2459 3
2460 3
2461 3
2462 3
2463 4
2464 8
2465 7
2466 7
2467 2
2468 7
2469 3
2470 2
2471 4
2472 6
2473 3
2474 6
2475 6
2476 4
2477 4
2478 6
2479 5
2480 9
2481 8
2482 3
2483 4
2484 4
2485 8
2486 8
2487 3
2488 3
2489 6
2490 5
2491 5
2492 8
2493 4
2494 5
2495 4
2496 6
2497 8
2498 6
2499 4
2500 5
2501 8
2502 4
2503 4
2504 2
2505 4
2506 4
2507 4
2508 6
2509 8
2510 0
2511 7
2512 9
2513 9
2514 2
2515 4
2516 5
2517 2
2518 3
2519 6
2520 6
2521 4
2522 1
2523 4
2524 4
2525 8
2526 5
2527 6
2528 9
2529 5
2530 5
2531 9
2532 8
2533 8
2534 6
2535 8
2536 2
2537 3
2538 4
2539 7
2540 4
2541 5
2542 5
2543 4
2544 5
2545 6
2546 3
2547 6
2548 3
2549 7
2550 5
2551 2
2552 4
2553 6
2554 5
2555 4
2556 5
2557 5
2558 5
2559 6
2560 8
2561 7
2562 5
2563 7
2564 2
2565 4
2566 8
2567 3
2568 7
2569 4
2570 2
2571 6
2572 6
2573 4
2574 3
2575 6
2576 7
2577 10
2578 5
2579 2
2580 4
2581 4
2582 4
2583 4
2584 3
2585 3
2586 2
2587 13
2588 7
2589 6
2590 3
2591 10
2592 9
2593 5
2594 4
2595 4
2596 8
2597 2
2598 7
2599 4
2600 9
2601 7
2602 2
2603 2
2604 9
2605 4
2606 9
2607 7
2608 12
2609 6
2610 3
2611 8
2612 3
2613 2
2614 2
2615 3
2616 6
2617 8
2618 11
2619 6
2620 4
2621 8
2622 6
2623 5
2624 7
2625 4
2626 3
2627 5
2628 5
2629 8
2630 9
2631 3
2632 1
2633 9
2634 5
2635 5
2636 5
2637 6
2638 4
2639 4
2640 6
2641 5
2642 1
2643 8
2644 2
2645 6
2646 8
2647 5
2648 4
2649 3
2650 7
2651 4
2652 4
2653 5
2654 3
2655 6
2656 8
2657 2
2658 2
2659 1
2660 10
2661 4
2662 3
2663 4
2664 2
2665 4
2666 4
2667 4
2668 7
2669 4
2670 4
2671 7
2672 4
2673 4
2674 5
2675 7
2676 4
2677 6
2678 4
2679 4
2680 7
2681 6
2682 5
2683 4
2684 3
2685 6
2686 7
2687 9
2688 7
2689 3
2690 2
2691 4
2692 6
2693 7
2694 11
2695 6
2696 5
2697 7
2698 7
2699 11
2700 5
2701 3
2702 5
2703 7
2704 3
2705 4
2706 5
2707 5
2708 5
2709 5
2710 6
2711 3
2712 10
2713 9
2714 8
2715 4
2716 7
2717 4
2718 2
2719 3
2720 4
2721 3
2722 2
2723 3
2724 2
2725 5
2726 1
2727 3
2728 2
2729 5
2730 6
2731 1
2732 4
2733 4
2734 3
2735 2
2736 3
2737 7
2738 3
2739 6
2740 6
2741 5
2742 6
2743 3
2744 3
2745 9
2746 5
2747 6
2748 12
2749 3
2750 3
2751 6
2752 5
2753 6
2754 6
2755 5
2756 1
2757 4
2758 6
2759 4
2760 14
2761 4
2762 5
2763 5
2764 3
2765 4
2766 6
2767 9
2768 5
2769 7
2770 3
2771 8
2772 5
2773 8
2774 6
2775 7
2776 1
2777 5
2778 11
2779 4
2780 5
2781 6
2782 1
2783 4
2784 3
2785 5
2786 6
2787 6
2788 4
2789 4
2790 3
2791 6
2792 2
2793 6
2794 4
2795 5
2796 3
2797 2
2798 5
2799 6
2800 3
2801 7
2802 8
2803 6
2804 10
2805 2
2806 7
2807 3
2808 4
2809 4
2810 11
2811 4
2812 7
2813 5
2814 10
2815 5
2816 8
2817 5
2818 5
2819 7
2820 5
2821 5
2822 7
2823 1
2824 5
2825 4
2826 7
2827 4
2828 11
2829 9
2830 3
2831 2
2832 4
2833 4
2834 4
2835 3
2836 7
2837 7
2838 11
2839 6
2840 3
2841 7
2842 8
2843 7
2844 6
2845 3
2846 7
2847 5
2848 7
2849 5
2850 0
2851 4
2852 8
2853 3
2854 5
2855 2
2856 8
2857 7
2858 4
2859 5
2860 7
2861 5
2862 10
2863 4
2864 7
2865 4
2866 4
2867 8
2868 0
2869 6
2870 5
2871 4
2872 7
2873 5
2874 5
2875 7
2876 5
2877 2
2878 7
2879 6
2880 3
2881 5
2882 11
2883 7
2884 3
2885 7
2886 8
2887 5
2888 6
2889 4
2890 5
2891 2
2892 8
2893 9
2894 7
2895 2
2896 5
2897 3
2898 8
2899 8
2900 4
2901 7
2902 11
2903 0
2904 4
2905 5
2906 9
2907 5
2908 4
2909 6
2910 7
2911 5
2912 6
2913 6
2914 11
2915 8
2916 5
2917 4
2918 6
2919 3
2920 5
2921 3
2922 5
2923 4
2924 9
2925 11
2926 7
2927 6
2928 2
2929 2
2930 4
2931 5
2932 5
2933 7
2934 6
2935 6
2936 3
2937 12
2938 3
2939 7
2940 8
2941 3
2942 7
2943 0
2944 2
2945 10
2946 5
2947 7
2948 3
2949 5
2950 5
2951 3
2952 6
2953 7
2954 4
2955 8
2956 2
2957 4
2958 8
2959 6
2960 2
2961 6
2962 7
2963 6
2964 6
2965 6
2966 8
2967 1
2968 5
2969 5
2970 2
2971 3
2972 7
2973 7
2974 3
2975 4
2976 5
2977 8
2978 1
2979 10
2980 7
2981 5
2982 4
2983 5
2984 4
2985 4
2986 5
2987 10
2988 3
2989 1
2990 6
2991 4
2992 6
2993 7
2994 4
2995 1
2996 7
2997 4
2998 4
2999 6
3000 6
3001 7
3002 3
3003 6
3004 7
3005 6
3006 8
3007 4
3008 5
3009 3
3010 5
3011 3
3012 2
3013 3
3014 3
3015 6
3016 7
3017 4
3018 4
3019 3
3020 3
3021 5
3022 9
3023 2
3024 7
3025 4
3026 5
3027 6
3028 1
3029 7
3030 6
3031 2
3032 4
3033 1
3034 4
3035 11
3036 9
3037 5
3038 5
3039 4
3040 8
3041 5
3042 3
3043 4
3044 6
3045 5
3046 7
3047 4
3048 4
3049 2
3050 3
3051 7
3052 6
3053 10
3054 7
3055 7
3056 5
3057 4
3058 2
3059 6
3060 4
3061 9
3062 3
3063 3
3064 10
3065 1
3066 6
3067 2
3068 7
3069 5
3070 6
3071 5
3072 6
3073 6
3074 12
3075 7
3076 4
3077 5
3078 5
3079 5
3080 5
3081 9
3082 7
3083 2
3084 6
3085 2
3086 7
3087 6
3088 8
3089 4
3090 5
3091 5
3092 5
3093 8
3094 4
3095 5
3096 9
3097 3
3098 5
3099 10
3100 10
3101 4
3102 2
3103 2
3104 4
3105 4
3106 6
3107 4
3108 8
3109 4
3110 4
3111 6
3112 5
3113 5
3114 4
3115 4
3116 8
3117 5
3118 2
3119 4
3120 4
3121 6
3122 5
3123 4
3124 8
3125 13
3126 4
3127 7
3128 8
3129 13
3130 7
3131 7
3132 4
3133 6
3134 7
3135 4
3136 5
3137 4
3138 7
3139 9
3140 4
3141 6
3142 7
3143 6
3144 5
3145 3
3146 2
3147 9
3148 4
3149 5
3150 5
3151 5
3152 5
3153 4
3154 5
3155 2
3156 6
3157 4
3158 4
3159 1
3160 5
3161 8
3162 4
3163 6
3164 2
3165 9
3166 3
3167 5
3168 5
3169 2
3170 5
3171 4
3172 4
3173 5
3174 6
3175 3
3176 3
3177 3
3178 7
3179 4
3180 7
3181 3
3182 5
3183 4
3184 5
3185 5
3186 3
3187 7
3188 3
3189 6
3190 5
3191 4
3192 9
3193 7
3194 6
3195 7
3196 3
3197 10
3198 9
3199 8
3200 4
3201 4
3202 4
3203 6
3204 3
3205 4
3206 7
3207 6
3208 4
3209 6
3210 6
3211 3
3212 3
3213 4
3214 5
3215 5
3216 8
3217 6
3218 3
3219 3
3220 2
3221 5
3222 8
3223 8
3224 2
3225 8
3226 6
3227 4
3228 7
3229 5
3230 6
3231 7
3232 4
3233 5
3234 7
3235 11
3236 7
3237 1
3238 8
3239 6
3240 6
3241 4
3242 3
3243 4
3244 2
3245 5
3246 4
3247 6
3248 11
3249 4
3250 7
3251 3
3252 4
3253 8
3254 7
3255 5
3256 4
3257 5
3258 4
3259 8
3260 4
3261 3
3262 5
3263 2
3264 5
3265 8
3266 5
3267 7
3268 9
3269 4
3270 3
3271 3
3272 2
3273 8
3274 9
3275 7
3276 5
3277 3
3278 5
3279 3
3280 9
3281 7
3282 4
3283 1
3284 7
3285 5
3286 4
3287 6
3288 6
3289 4
3290 3
3291 6
3292 8
3293 6
3294 5
3295 5
3296 1
3297 7
3298 5
3299 1
3300 6
3301 1
3302 3
3303 6
3304 5
3305 6
3306 3
3307 6
3308 6
3309 7
3310 10
3311 7
3312 2
3313 9
3314 6
3315 4
3316 3
3317 4
3318 6
3319 7
3320 8
3321 6
3322 8
3323 4
3324 6
3325 4
3326 6
3327 8
3328 8
3329 2
3330 5
3331 4
3332 4
3333 9
3334 5
3335 5
3336 6
3337 1
3338 4
3339 3
3340 2
3341 4
3342 5
3343 5
3344 4
3345 9
3346 5
3347 4
3348 6
3349 6
3350 3
3351 2
3352 5
3353 8
3354 5
3355 5
3356 6
3357 4
3358 5
3359 9
3360 5
3361 4
3362 9
3363 6
3364 5
3365 5
3366 5
3367 6
3368 4
3369 4
3370 4
3371 4
3372 7
3373 5
3374 9
3375 0
3376 5
3377 11
3378 3
3379 4
3380 9
3381 5
3382 8
3383 5
3384 7
3385 4
3386 4
3387 7
3388 4
3389 5
3390 5
3391 6
3392 2
3393 2
3394 6
3395 1
3396 5
3397 3
3398 6
3399 2
3400 7
3401 6
3402 3
3403 7
3404 3
3405 8
3406 6
3407 3
3408 7
3409 7
3410 1
3411 6
3412 9
3413 1
3414 1
3415 4
3416 3
3417 6
3418 3
3419 4
3420 7
3421 1
3422 6
3423 5
3424 8
3425 4
3426 9
3427 5
3428 6
3429 4
3430 4
3431 8
3432 4
3433 6
3434 6
3435 3
3436 7
3437 4
3438 4
3439 3
3440 4
3441 3
3442 2
3443 4
3444 3
3445 4
3446 4
3447 3
3448 4
3449 6
3450 4
3451 3
3452 5
3453 8
3454 5
3455 7
3456 1
3457 8
3458 6
3459 3
3460 8
3461 5
3462 2
3463 3
3464 4
3465 5
3466 3
3467 5
3468 6
3469 6
3470 2
3471 2
3472 3
3473 3
3474 9
3475 11
3476 5
3477 4
3478 2
3479 1
3480 1
3481 6
3482 3
3483 3
3484 10
3485 3
3486 6
3487 4
3488 3
3489 7
3490 5
3491 2
3492 6
3493 8
3494 5
3495 11
3496 3
3497 8
3498 2
3499 5
3500 3
3501 6
3502 3
3503 2
3504 8
3505 2
3506 7
3507 5
3508 1
3509 4
3510 5
3511 2
3512 8
3513 7
3514 7
3515 5
3516 4
3517 3
3518 5
3519 2
3520 0
3521 5
3522 7
3523 9
3524 7
3525 5
3526 4
3527 6
3528 5
3529 5
3530 4
3531 4
3532 10
3533 7
3534 10
3535 2
3536 9
3537 5
3538 3
3539 4
3540 2
3541 2
3542 4
3543 6
3544 6
3545 5
3546 7
3547 5
3548 5
3549 4
3550 3
3551 4
3552 7
3553 5
3554 8
3555 3
3556 9
3557 5
3558 12
3559 6
3560 5
3561 5
3562 7
3563 8
3564 3
3565 7
3566 10
3567 7
3568 7
3569 5
3570 3
3571 3
3572 5
3573 6
3574 3
3575 2
3576 3
3577 4
3578 7
3579 7
3580 4
3581 5
3582 4
3583 5
3584 2
3585 10
3586 4
3587 7
3588 5
3589 6
3590 4
3591 2
3592 6
3593 6
3594 4
3595 3
3596 5
3597 8
3598 5
3599 3
3600 9
3601 7
3602 7
3603 6
3604 6
3605 5
3606 4
3607 6
3608 4
3609 1
3610 9
3611 7
3612 4
3613 4
3614 5
3615 5
3616 5
3617 10
3618 6
3619 4
3620 2
3621 8
3622 6
3623 7
3624 3
3625 10
3626 5
3627 2
3628 2
3629 7
3630 5
3631 2
3632 6
3633 4
3634 7
3635 6
3636 6
3637 2
3638 3
3639 4
3640 7
3641 7
3642 7
3643 6
3644 6
3645 7
3646 3
3647 6
3648 6
3649 6
3650 4
3651 4
3652 6
3653 4
3654 5
3655 4
3656 1
3657 4
3658 4
3659 5
3660 8
3661 3
3662 4
3663 3
3664 2
3665 3
3666 5
3667 5
3668 3
3669 2
3670 5
3671 3
3672 5
3673 4
3674 5
3675 2
3676 10
3677 8
3678 7
3679 7
3680 1
3681 5
3682 4
3683 5
3684 4
3685 4
3686 8
3687 5
3688 6
3689 4
3690 8
3691 9
3692 8
3693 6
3694 6
3695 7
3696 4
3697 11
3698 3
3699 5
3700 8
3701 3
3702 5
3703 9
3704 4
3705 5
3706 5
3707 6
3708 3
3709 2
3710 8
3711 4
3712 5
3713 7
3714 1
3715 3
3716 5
3717 10
3718 6
3719 6
3720 4
3721 3
3722 8
3723 5
3724 9
3725 8
3726 7
3727 6
3728 9
3729 6
3730 5
3731 5
3732 5
3733 4
3734 2
3735 3
3736 6
3737 4
3738 1
3739 7
3740 7
3741 4
3742 6
3743 3
3744 5
3745 5
3746 1
3747 5
3748 2
3749 11
3750 8
3751 10
3752 6
3753 12
3754 5
3755 8
3756 7
3757 6
3758 8
3759 7
3760 4
3761 9
3762 7
3763 5
3764 5
3765 8
3766 2
3767 5
3768 3
3769 3
3770 2
3771 11
3772 2
3773 5
3774 0
3775 4
3776 4
3777 5
3778 5
3779 5
3780 8
3781 6
3782 7
3783 4
3784 8
3785 6
3786 4
3787 5
3788 6
3789 7
3790 5
3791 9
3792 2
3793 6
3794 3
3795 2
3796 6
3797 3
3798 2
3799 7
3800 5
3801 3
3802 10
3803 7
3804 5
3805 7
3806 4
3807 3
3808 5
3809 3
3810 10
3811 2
3812 5
3813 7
3814 6
3815 6
3816 9
3817 6
3818 7
3819 10
3820 9
3821 9
3822 5
3823 12
3824 5
3825 3
3826 9
3827 6
3828 3
3829 4
3830 5
3831 6
3832 6
3833 9
3834 4
3835 2
3836 5
3837 5
3838 6
3839 8
3840 3
3841 4
3842 5
3843 1
3844 4
3845 7
3846 5
3847 3
3848 7
3849 5
3850 7
3851 4
3852 7
3853 6
3854 3
3855 9
3856 4
3857 6
3858 2
3859 2
3860 8
3861 2
3862 3
3863 3
3864 4
3865 2
3866 2
3867 7
3868 5
3869 5
3870 7
3871 6
3872 6
3873 3
3874 3
3875 7
3876 1
3877 10
3878 3
3879 6
3880 5
3881 6
3882 7
3883 8
3884 3
3885 5
3886 7
3887 8
3888 9
3889 7
3890 4
3891 4
3892 5
3893 4
3894 7
3895 2
3896 8
3897 4
3898 4
3899 6
3900 2
3901 4
3902 3
3903 3
3904 9
3905 5
3906 5
3907 7
3908 4
3909 3
3910 10
3911 2
3912 3
3913 4
3914 8
3915 7
3916 8
3917 3
3918 4
3919 5
3920 3
3921 8
3922 5
3923 5
3924 6
3925 5
3926 5
3927 4
3928 1
3929 5
3930 10
3931 5
3932 6
3933 3
3934 6
3935 3
3936 6
3937 3
3938 4
3939 8
3940 6
3941 3
3942 5
3943 4
3944 2
3945 7
3946 8
3947 7
3948 7
3949 4
3950 1
3951 5
3952 5
3953 6
3954 0
3955 3
3956 5
3957 7
3958 2
3959 3
3960 1
3961 9
3962 4
3963 6
3964 6
3965 2
3966 5
3967 5
3968 8
3969 4
3970 5
3971 7
3972 5
3973 7
3974 5
3975 5
3976 5
3977 5
3978 6
3979 4
3980 7
3981 5
3982 6
3983 5
3984 5
3985 3
3986 7
3987 7
3988 7
3989 4
3990 3
3991 10
3992 8
3993 5
3994 5
3995 4
3996 7
3997 2
3998 4
3999 3
4000 7
4001 3
4002 2
4003 9
4004 6
4005 7
4006 7
4007 6
4008 5
4009 4
4010 13
4011 4
4012 5
4013 1
4014 2
4015 3
4016 2
4017 3
4018 7
4019 2
4020 2
4021 5
4022 3
4023 3
4024 7
4025 7
4026 9
4027 2
4028 5
4029 4
4030 6
4031 6
4032 4
4033 2
4034 5
4035 5
4036 5
4037 8
4038 2
4039 2
4040 4
4041 4
4042 3
4043 7
4044 7
4045 5
4046 10
4047 5
4048 6
4049 4
4050 3
4051 12
4052 9
4053 5
4054 3
4055 5
4056 6
4057 7
4058 3
4059 3
4060 8
4061 4
4062 4
4063 8
4064 5
4065 10
4066 8
4067 5
4068 6
4069 6
4070 3
4071 1
4072 6
4073 3
4074 1
4075 4
4076 1
4077 3
4078 3
4079 6
4080 8
4081 7
4082 6
4083 5
4084 6
4085 5
4086 7
4087 6
4088 6
4089 8
4090 6
4091 8
4092 6
4093 5
4094 6
4095 1
4096 3
4097 6
4098 5
4099 5
4100 5
4101 3
4102 9
4103 5
4104 7
4105 6
4106 5
4107 6
4108 7
4109 9
4110 9
4111 2
4112 4
4113 4
4114 9
4115 1
4116 11
4117 8
4118 11
4119 2
4120 3
4121 3
4122 3
4123 6
4124 11
4125 2
4126 3
4127 3
4128 6
4129 7
4130 1
4131 4
4132 5
4133 4
4134 6
4135 5
4136 6
4137 7
4138 5
4139 7
4140 4
4141 3
4142 10
4143 6
4144 3
4145 8
4146 4
4147 0
4148 10
4149 1
4150 7
4151 3
4152 8
4153 4
4154 6
4155 6
4156 6
4157 5
4158 3
4159 8
4160 4
4161 4
4162 6
4163 8
4164 7
4165 2
4166 7
4167 2
4168 4
4169 7
4170 4
4171 4
4172 1
4173 6
4174 6
4175 3
4176 5
4177 2
4178 3
4179 10
4180 6
4181 1
4182 7
4183 8
4184 7
4185 8
4186 10
4187 3
4188 5
4189 4
4190 7
4191 4
4192 4
4193 3
4194 9
4195 6
4196 3
4197 7
4198 10
4199 4
4200 6
4201 6
4202 4
4203 2
4204 6
4205 6
4206 4
4207 0
4208 4
4209 5
4210 8
4211 11
4212 9
4213 5
4214 6
4215 5
4216 2
4217 6
4218 3
4219 3
4220 9
4221 6
4222 3
4223 3
4224 8
4225 7
4226 6
4227 1
4228 5
4229 8
4230 6
4231 6
4232 4
4233 4
4234 5
4235 7
4236 4
4237 4
4238 11
4239 6
4240 4
4241 6
4242 5
4243 7
4244 7
4245 4
4246 3
4247 3
4248 6
4249 4
4250 5
4251 8
4252 12
4253 8
4254 6
4255 9
4256 9
4257 5
4258 2
4259 5
4260 2
4261 2
4262 1
4263 6
4264 10
4265 3
4266 2
4267 3
4268 3
4269 9
4270 3
4271 4
4272 6
4273 3
4274 3
4275 7
4276 7
4277 7
4278 6
4279 7
4280 6
4281 2
4282 2
4283 5
4284 2
4285 3
4286 5
4287 7
4288 7
4289 5
4290 6
4291 7
4292 7
4293 4
4294 5
4295 5
4296 5
4297 9
4298 5
4299 4
4300 6
4301 2
4302 8
4303 8
4304 3
4305 2
4306 7
4307 7
4308 8
4309 2
4310 5
4311 8
4312 3
4313 5
4314 5
4315 5
4316 8
4317 8
4318 3
4319 4
4320 3
4321 5
4322 3
4323 8
4324 1
4325 1
4326 6
4327 3
4328 4
4329 5
4330 3
4331 6
4332 5
4333 3
4334 6
4335 8
4336 6
4337 7
4338 6
4339 3
4340 6
4341 5
4342 7
4343 7
4344 4
4345 5
4346 3
4347 1
4348 6
4349 5
4350 7
4351 9
4352 4
4353 2
4354 3
4355 4
4356 5
4357 3
4358 9
4359 2
4360 6
4361 10
4362 2
4363 7
4364 5
4365 7
4366 6
4367 3
4368 4
4369 4
4370 6
4371 5
4372 10
4373 6
4374 7
4375 6
4376 9
4377 12
4378 2
4379 6
4380 3
4381 7
4382 1
4383 4
4384 7
4385 3
4386 8
4387 2
4388 6
4389 6
4390 6
4391 7
4392 4
4393 3
4394 5
4395 7
4396 8
4397 5
4398 4
4399 6
4400 4
4401 4
4402 4
4403 6
4404 4
4405 8
4406 5
4407 8
4408 0
4409 5
4410 2
4411 2
4412 5
4413 3
4414 4
4415 4
4416 4
4417 4
4418 9
4419 7
4420 4
4421 10
4422 2
4423 5
4424 6
4425 4
4426 1
4427 2
4428 7
4429 5
4430 6
4431 5
4432 3
4433 5
4434 5
4435 7
4436 7
4437 5
4438 5
4439 7
4440 8
4441 10
4442 6
4443 6
4444 2
4445 5
4446 7
4447 5
4448 4
4449 5
4450 2
4451 3
4452 2
4453 6
4454 3
4455 4
4456 5
4457 3
4458 3
4459 3
4460 7
4461 4
4462 7
4463 6
4464 5
4465 4
4466 4
4467 5
4468 5
4469 5
4470 5
4471 3
4472 6
4473 4
4474 5
4475 4
4476 9
4477 4
4478 3
4479 5
4480 5
4481 6
4482 6
4483 3
4484 6
4485 3
4486 1
4487 4
4488 6
4489 8
4490 10
4491 5
4492 4
4493 3
4494 5
4495 7
4496 5
4497 6
4498 4
4499 3
4500 8
4501 5
4502 6
4503 9
4504 7
4505 4
4506 4
4507 5
4508 8
4509 6
4510 9
4511 7
4512 7
4513 7
4514 3
4515 4
4516 4
4517 7
4518 4
4519 1
4520 7
4521 8
4522 7
4523 11
4524 7
4525 6
4526 9
4527 2
4528 5
4529 5
4530 11
4531 9
4532 9
4533 4
4534 4
4535 5
4536 7
4537 5
4538 3
4539 3
4540 6
4541 6
4542 4
4543 8
4544 2
4545 5
4546 2
4547 9
4548 8
4549 2
4550 4
4551 4
4552 8
4553 8
4554 7
4555 7
4556 5
4557 2
4558 6
4559 6
4560 4
4561 7
4562 9
4563 4
4564 8
4565 4
4566 8
4567 2
4568 4
4569 4
4570 5
4571 10
4572 4
4573 2
4574 5
4575 7
4576 9
4577 7
4578 4
4579 8
4580 5
4581 4
4582 8
4583 2
4584 7
4585 2
4586 6
4587 5
4588 6
4589 3
4590 7
4591 4
4592 3
4593 7
4594 3
4595 5
4596 5
4597 13
4598 11
4599 5
4600 4
4601 6
4602 7
4603 7
4604 4
4605 6
4606 2
4607 5
4608 3
4609 6
4610 5
4611 7
4612 6
4613 2
4614 5
4615 2
4616 3
4617 7
4618 3
4619 3
4620 2
4621 3
4622 5
4623 6
4624 2
4625 2
4626 1
4627 3
4628 4
4629 5
4630 4
4631 3
4632 4
4633 3
4634 3
4635 8
4636 4
4637 6
4638 14
4639 5
4640 4
4641 7
4642 4
4643 3
4644 6
4645 10
4646 5
4647 6
4648 8
4649 4
4650 11
4651 6
4652 7
4653 7
4654 7
4655 9
4656 2
4657 7
4658 5
4659 5
4660 6
4661 2
4662 3
4663 3
4664 4
4665 3
4666 6
4667 5
4668 4
4669 3
4670 9
4671 2
4672 4
4673 5
4674 6
4675 7
4676 3
4677 4
4678 9
4679 7
4680 5
4681 4
4682 6
4683 6
4684 6
4685 3
4686 3
4687 6
4688 6
4689 4
4690 3
4691 5
4692 4
4693 6
4694 6
4695 7
4696 5
4697 3
4698 2
4699 1
4700 5
4701 6
4702 4
4703 4
4704 2
4705 4
4706 3
4707 2
4708 8
4709 7
4710 5
4711 6
4712 4
4713 6
4714 5
4715 4
4716 4
4717 3
4718 6
4719 2
4720 8
4721 5
4722 5
4723 6
4724 9
4725 7
4726 6
4727 6
4728 4
4729 7
4730 4
4731 9
4732 3
4733 5
4734 4
4735 6
4736 8
4737 5
4738 6
4739 6
4740 4
4741 5
4742 8
4743 5
4744 2
4745 6
4746 6
4747 2
4748 2
4749 0
4750 3
4751 6
4752 6
4753 4
4754 5
4755 2
4756 6
4757 3
4758 8
4759 7
4760 7
4761 1
4762 3
4763 8
4764 2
4765 4
4766 5
4767 7
4768 6
4769 4
4770 4
4771 3
4772 6
4773 2
4774 7
4775 9
4776 3
4777 6
4778 4
4779 6
4780 6
4781 4
4782 4
4783 3
4784 4
4785 6
4786 3
4787 3
4788 4
4789 5
4790 5
4791 4
4792 8
4793 7
4794 6
4795 5
4796 2
4797 6
4798 8
4799 1
4800 6
4801 3
4802 3
4803 6
4804 8
4805 3
4806 8
4807 5
4808 6
4809 7
4810 5
4811 5
4812 8
4813 6
4814 7
4815 2
4816 6
4817 4
4818 5
4819 6
4820 8
4821 7
4822 4
4823 7
4824 14
4825 5
4826 6
4827 9
4828 2
4829 7
4830 6
4831 8
4832 5
4833 6
4834 6
4835 4
4836 6
4837 2
4838 6
4839 3
4840 3
4841 4
4842 9
4843 8
4844 7
4845 8
4846 8
4847 7
4848 9
4849 6
4850 8
4851 3
4852 4
4853 3
4854 7
4855 3
4856 8
4857 8
4858 7
4859 5
4860 7
4861 6
4862 3
4863 3
4864 6
4865 9
4866 7
4867 9
4868 4
4869 5
4870 5
4871 3
4872 6
4873 5
4874 6
4875 6
4876 7
4877 8
4878 2
4879 6
4880 9
4881 2
4882 5
4883 6
4884 3
4885 6
4886 3
4887 6
4888 5
4889 9
4890 4
4891 5
4892 2
4893 0
4894 2
4895 7
4896 4
4897 3
4898 1
4899 5
4900 4
4901 4
4902 10
4903 5
4904 12
4905 4
4906 5
4907 8
4908 3
4909 3
4910 5
4911 7
4912 3
4913 5
4914 3
4915 2
4916 8
4917 3
4918 3
4919 6
4920 3
4921 3
4922 6
4923 2
4924 6
4925 7
4926 4
4927 6
4928 4
4929 6
4930 5
4931 6
4932 5
4933 4
4934 7
4935 11
4936 5
4937 4
4938 10
4939 2
4940 4
4941 3
4942 6
4943 8
4944 3
4945 5
4946 6
4947 4
4948 4
4949 5
4950 9
4951 2
4952 8
4953 9
4954 10
4955 5
4956 4
4957 8
4958 7
4959 3
4960 6
4961 5
4962 10
4963 7
4964 9
4965 6
4966 2
4967 8
4968 5
4969 6
4970 5
4971 4
4972 5
4973 6
4974 3
4975 3
4976 4
4977 7
4978 8
4979 9
4980 4
4981 7
4982 7
4983 7
4984 6
4985 7
4986 7
4987 4
4988 7
4989 5
4990 5
4991 3
4992 3
4993 5
4994 4
4995 4
4996 10
4997 1
4998 6
4999 4
5000 6
5001 9
5002 5
5003 6
5004 6
5005 5
5006 4
5007 5
5008 3
5009 4
5010 6
5011 3
5012 2
5013 4
5014 4
5015 10
5016 6
5017 5
5018 8
5019 4
5020 4
5021 0
5022 7
5023 2
5024 2
5025 7
5026 3
5027 8
5028 2
5029 9
5030 5
5031 4
5032 4
5033 4
5034 4
5035 4
5036 6
5037 3
5038 4
5039 8
5040 3
5041 6
5042 7
5043 3
5044 5
5045 4
5046 5
5047 3
5048 7
5049 8
5050 5
5051 6
5052 9
5053 4
5054 6
5055 3
5056 8
5057 5
5058 4
5059 3
5060 4
5061 6
5062 8
5063 6
5064 5
5065 7
5066 1
5067 3
5068 8
5069 5
5070 3
5071 4
5072 1
5073 6
5074 5
5075 4
5076 5
5077 5
5078 5
5079 5
5080 5
5081 5
5082 7
5083 4
5084 3
5085 7
5086 6
5087 8
5088 5
5089 4
5090 8
5091 5
5092 8
5093 5
5094 2
5095 5
5096 4
5097 6
5098 3
5099 7
5100 5
5101 4
5102 5
5103 3
5104 4
5105 8
5106 2
5107 6
5108 4
5109 4
5110 5
5111 6
5112 2
5113 4
5114 5
5115 3
5116 2
5117 6
5118 3
5119 4
5120 4
5121 6
5122 5
5123 4
5124 5
5125 3
5126 6
5127 5
5128 8
5129 2
5130 6
5131 1
5132 3
5133 6
5134 10
5135 0
5136 9
5137 4
5138 7
5139 6
5140 5
5141 6
5142 7
5143 6
5144 9
5145 2
5146 10
5147 5
5148 7
5149 4
5150 6
5151 4
5152 2
5153 3
5154 2
5155 5
5156 1
5157 8
5158 8
5159 5
5160 5
5161 7
5162 2
5163 6
5164 2
5165 6
5166 4
5167 6
5168 4
5169 4
5170 5
5171 8
5172 8
5173 8
5174 4
5175 4
5176 5
5177 4
5178 5
5179 7
5180 4
5181 8
5182 5
5183 9
5184 6
5185 7
5186 6
5187 4
5188 8
5189 3
5190 4
5191 6
5192 4
5193 5
5194 5
5195 7
5196 7
5197 6
5198 3
5199 4
5200 8
5201 7
5202 5
5203 6
5204 6
5205 4
5206 4
5207 7
5208 3
5209 6
5210 6
5211 8
5212 6
5213 8
5214 2
5215 4
5216 5
5217 9
5218 4
5219 5
5220 7
5221 6
5222 3
5223 4
5224 5
5225 9
5226 4
5227 4
5228 7
5229 7
5230 2
5231 4
5232 4
5233 6
5234 7
5235 7
5236 8
5237 7
5238 5
5239 5
5240 4
5241 3
5242 2
5243 6
5244 6
5245 5
5246 5
5247 5
5248 5
5249 7
5250 8
5251 1
5252 1
5253 9
5254 9
5255 2
5256 4
5257 4
5258 10
5259 9
5260 6
5261 10
5262 4
5263 5
5264 6
5265 4
5266 7
5267 3
5268 5
5269 13
5270 4
5271 5
5272 4
5273 2
5274 5
5275 1
5276 5
5277 4
5278 8
5279 5
5280 4
5281 3
5282 5
5283 4
5284 3
5285 3
5286 5
5287 9
5288 4
5289 8
5290 6
5291 7
5292 4
5293 2
5294 5
5295 8
5296 5
5297 7
5298 5
5299 4
5300 3
5301 6
5302 6
5303 7
5304 3
5305 9
5306 4
5307 4
5308 7
5309 3
5310 5
5311 5
5312 8
5313 5
5314 7
5315 6
5316 3
5317 4
5318 4
5319 8
5320 5
5321 7
5322 2
5323 6
5324 5
5325 3
5326 5
5327 7
5328 7
5329 4
5330 6
5331 7
5332 5
5333 4
5334 4
5335 7
5336 1
5337 3
5338 3
5339 2
5340 5
5341 8
5342 4
5343 7
5344 8
5345 6
5346 5
5347 9
5348 2
5349 8
5350 2
5351 1
5352 7
5353 3
5354 2
5355 6
5356 14
5357 6
5358 6
5359 5
5360 5
5361 9
5362 6
5363 6
5364 2
5365 2
5366 11
5367 6
5368 4
5369 3
5370 3
5371 6
5372 7
5373 4
5374 5
5375 3
5376 8
5377 3
5378 7
5379 14
5380 6
5381 1
5382 6
5383 6
5384 9
5385 6
5386 4
5387 4
5388 5
5389 2
5390 5
5391 5
5392 4
5393 4
5394 5
5395 7
5396 5
5397 6
5398 6
5399 4
5400 5
5401 6
5402 6
5403 10
5404 6
5405 4
5406 2
5407 1
5408 11
5409 5
5410 11
5411 6
5412 5
5413 9
5414 4
5415 3
5416 14
5417 5
5418 3
5419 7
5420 3
5421 4
5422 2
5423 5
5424 6
5425 1
5426 3
5427 9
5428 6
5429 7
5430 5
5431 6
5432 6
5433 5
5434 7
5435 7
5436 8
5437 6
5438 4
5439 8
5440 4
5441 4
5442 3
5443 6
5444 3
5445 5
5446 5
5447 5
5448 8
5449 9
5450 4
5451 8
5452 4
5453 2
5454 5
5455 11
5456 6
5457 3
5458 7
5459 1
5460 4
5461 4
5462 9
5463 5
5464 8
5465 6
5466 4
5467 6
5468 6
5469 6
5470 4
5471 6
5472 7
5473 4
5474 4
5475 5
5476 4
5477 1
5478 5
5479 6
5480 4
5481 4
5482 9
5483 4
5484 3
5485 8
5486 8
5487 4
5488 4
5489 2
5490 5
5491 3
5492 3
5493 6
5494 9
5495 8
5496 5
5497 4
5498 8
5499 3
5500 4
5501 4
5502 5
5503 5
5504 8
5505 4
5506 5
5507 7
5508 6
5509 7
5510 2
5511 3
5512 3
5513 4
5514 6
5515 5
5516 5
5517 7
5518 5
5519 5
5520 9
5521 6
5522 4
5523 8
5524 6
5525 4
5526 6
5527 5
5528 7
5529 12
5530 9
5531 2
5532 10
5533 5
5534 2
5535 4
5536 7
5537 8
5538 2
5539 1
5540 9
5541 1
5542 8
5543 3
5544 6
5545 4
5546 5
5547 5
5548 5
5549 6
5550 7
5551 4
5552 4
5553 8
5554 1
5555 4
5556 3
5557 4
5558 6
5559 7
5560 7
5561 8
5562 3
5563 3
5564 8
5565 8
5566 2
5567 5
5568 3
5569 5
5570 5
5571 5
5572 6
5573 5
5574 8
5575 5
5576 4
5577 5
5578 7
5579 7
5580 5
5581 3
5582 4
5583 5
5584 8
5585 5
5586 4
5587 5
5588 6
5589 10
5590 2
5591 6
5592 5
5593 4
5594 4
5595 6
5596 10
5597 6
5598 10
5599 5
5600 2
5601 2
5602 4
5603 8
5604 5
5605 4
5606 0
5607 4
5608 4
5609 4
5610 5
5611 8
5612 4
5613 7
5614 7
5615 5
5616 6
5617 7
5618 8
5619 3
5620 4
5621 6
5622 2
5623 8
5624 3
5625 3
5626 2
5627 1
5628 3
5629 4
5630 7
5631 5
5632 7
5633 7
5634 4
5635 5
5636 4
5637 3
5638 10
5639 12
5640 10
5641 7
5642 6
5643 10
5644 6
5645 5
5646 6
5647 9
5648 8
5649 3
5650 4
5651 2
5652 1
5653 3
5654 6
5655 3
5656 5
5657 3
5658 4
5659 4
5660 3
5661 6
5662 4
5663 4
5664 5
5665 2
5666 3
5667 7
5668 2
5669 8
5670 2
5671 4
5672 4
5673 5
5674 5
5675 5
5676 3
5677 6
5678 5
5679 2
5680 3
5681 5
5682 7
5683 3
5684 5
5685 6
5686 3
5687 7
5688 3
5689 5
5690 3
5691 7
5692 6
5693 9
5694 2
5695 3
5696 4
5697 7
5698 5
5699 3
5700 3
5701 7
5702 6
5703 7
5704 4
5705 2
5706 6
5707 7
5708 6
5709 7
5710 7
5711 6
5712 5
5713 2
5714 3
5715 5
5716 4
5717 5
5718 4
5719 6
5720 6
5721 5
5722 4
5723 7
5724 5
5725 7
5726 5
5727 3
5728 7
5729 4
5730 2
5731 3
5732 6
5733 10
5734 4
5735 6
5736 3
5737 8
5738 6
5739 5
5740 6
5741 6
5742 5
5743 3
5744 4
5745 3
5746 6
5747 6
5748 9
5749 8
5750 2
5751 5
5752 8
5753 4
5754 4
5755 7
5756 6
5757 7
5758 8
5759 6
5760 5
5761 4
5762 3
5763 4
5764 6
5765 3
5766 3
5767 3
5768 6
5769 7
5770 3
5771 8
5772 2
5773 5
5774 2
5775 3
5776 11
5777 5
5778 5
5779 4
5780 3
5781 5
5782 3
5783 9
5784 2
5785 3
5786 6
5787 9
5788 7
5789 6
5790 8
5791 7
5792 1
5793 6
5794 7
5795 7
5796 5
5797 6
5798 4
5799 4
5800 4
5801 3
5802 4
5803 4
5804 4
5805 4
5806 5
5807 10
5808 3
5809 5
5810 6
5811 8
5812 4
5813 6
5814 4
5815 5
5816 4
5817 1
5818 2
5819 3
5820 4
5821 5
5822 5
5823 9
5824 7
5825 8
5826 6
5827 7
5828 7
5829 6
5830 6
5831 3
5832 3
5833 3
5834 5
5835 5
5836 4
5837 5
5838 4
5839 4
5840 5
5841 5
5842 1
5843 5
5844 5
5845 5
5846 3
5847 4
5848 4
5849 3
5850 5
5851 7
5852 5
5853 8
5854 1
5855 4
5856 8
5857 5
5858 12
5859 2
5860 5
5861 7
5862 7
5863 9
5864 3
5865 2
5866 6
5867 5
5868 7
5869 2
5870 3
5871 8
5872 5
5873 13
5874 5
5875 6
5876 3
5877 7
5878 5
5879 3
5880 3
5881 6
5882 3
5883 7
5884 7
5885 7
5886 4
5887 7
5888 6
5889 4
5890 3
5891 10
5892 3
5893 4
5894 2
5895 7
5896 6
5897 5
5898 4
5899 8
5900 7
5901 7
5902 7
5903 6
5904 6
5905 3
5906 3
5907 6
5908 4
5909 6
5910 4
5911 2
5912 4
5913 5
5914 2
5915 3
5916 4
5917 6
5918 4
5919 10
5920 4
5921 8
5922 6
5923 6
5924 1
5925 2
5926 8
5927 5
5928 4
5929 0
5930 6
5931 6
5932 6
5933 1
5934 3
5935 1
5936 6
5937 6
5938 6
5939 5
5940 6
5941 6
5942 4
5943 4
5944 7
5945 5
5946 3
5947 9
5948 1
5949 4
5950 2
5951 6
5952 10
5953 2
5954 4
5955 6
5956 5
5957 4
5958 3
5959 1
5960 6
5961 4
5962 1
5963 7
5964 3
5965 6
5966 8
5967 3
5968 6
5969 5
5970 4
5971 8
5972 1
5973 5
5974 3
5975 5
5976 6
5977 9
5978 4
5979 8
5980 4
5981 5
5982 3
5983 6
5984 2
5985 12
5986 8
5987 4
5988 3
5989 5
5990 9
5991 4
5992 7
5993 4
5994 4
5995 3
5996 9
5997 6
5998 7
5999 3
6000 4
6001 6
6002 6
6003 5
6004 4
6005 8
6006 4
6007 4
6008 4
6009 4
6010 6
6011 5
6012 6
6013 1
6014 5
6015 9
6016 4
6017 5
6018 8
6019 5
6020 6
6021 7
6022 6
6023 5
6024 4
6025 6
6026 6
6027 4
6028 2
6029 8
6030 5
6031 6
6032 5
6033 7
6034 5
6035 7
6036 4
6037 6
6038 4
6039 8
6040 4
6041 1
6042 9
6043 8
6044 4
6045 1
6046 5
6047 4
6048 9
6049 1
6050 6
6051 7
6052 7
6053 2
6054 4
6055 4
6056 3
6057 4
6058 5
6059 5
6060 7
6061 2
6062 6
6063 3
6064 4
6065 2
6066 3
6067 3
6068 6
6069 6
6070 7
6071 5
6072 4
6073 4
6074 8
6075 5
6076 4
6077 11
6078 6
6079 2
6080 5
6081 4
6082 8
6083 12
6084 8
6085 8
6086 6
6087 2
6088 5
6089 3
6090 5
6091 4
6092 10
6093 4
6094 3
6095 4
6096 3
6097 3
6098 7
6099 3
6100 5
6101 8
6102 7
6103 6
6104 9
6105 7
6106 9
6107 5
6108 3
6109 8
6110 7
6111 3
6112 3
6113 6
6114 1
6115 4
6116 4
6117 7
6118 6
6119 9
6120 7
6121 6
6122 4
6123 4
6124 5
6125 5
6126 2
6127 6
6128 6
6129 3
6130 6
6131 2
6132 6
6133 1
6134 4
6135 7
6136 4
6137 8
6138 7
6139 3
6140 7
6141 2
6142 5
6143 3
6144 2
6145 9
6146 3
6147 2
6148 3
6149 6
6150 3
6151 3
6152 6
6153 7
6154 6
6155 5
6156 6
6157 4
6158 9
6159 6
6160 0
6161 12
6162 4
6163 4
6164 5
6165 5
6166 7
6167 5
6168 3
6169 6
6170 3
6171 6
6172 2
6173 6
6174 6
6175 7
6176 5
6177 3
6178 7
6179 4
6180 7
6181 2
6182 2
6183 5
6184 0
6185 5
6186 0
6187 5
6188 3
6189 3
6190 7
6191 6
6192 8
6193 5
6194 3
6195 7
6196 5
6197 7
6198 2
6199 4
6200 5
6201 5
6202 5
6203 9
6204 3
6205 6
6206 6
6207 4
6208 6
6209 3
6210 7
6211 8
6212 4
6213 4
6214 7
6215 1
6216 6
6217 7
6218 5
6219 4
6220 4
6221 5
6222 6
6223 3
6224 6
6225 8
6226 7
6227 8
6228 9
6229 5
6230 4
6231 6
6232 2
6233 5
6234 5
6235 8
6236 1
6237 5
6238 8
6239 3
6240 5
6241 4
6242 3
6243 3
6244 5
6245 3
6246 5
6247 9
6248 6
6249 12
6250 6
6251 1
6252 5
6253 11
6254 7
6255 2
6256 10
6257 4
6258 8
6259 8
6260 3
6261 7
6262 5
6263 3
6264 4
6265 5
6266 11
6267 11
6268 3
6269 5
6270 4
6271 5
6272 6
6273 7
6274 2
6275 9
6276 6
6277 4
6278 8
6279 7
6280 2
6281 4
6282 5
6283 8
6284 5
6285 6
6286 4
6287 6
6288 1
6289 3
6290 3
6291 1
6292 6
6293 4
6294 9
6295 9
6296 3
6297 5
6298 4
6299 8
6300 5
6301 1
6302 5
6303 6
6304 6
6305 5
6306 7
6307 7
6308 9
6309 1
6310 2
6311 8
6312 5
6313 4
6314 5
6315 6
6316 6
6317 5
6318 2
6319 5
6320 5
6321 4
6322 4
6323 5
6324 8
6325 10
6326 9
6327 5
6328 2
6329 4
6330 4
6331 5
6332 2
6333 13
6334 5
6335 12
6336 3
6337 5
6338 4
6339 6
6340 4
6341 3
6342 5
6343 4
6344 5
6345 4
6346 9
6347 6
6348 3
6349 6
6350 4
6351 4
6352 6
6353 6
6354 7
6355 6
6356 4
6357 5
6358 5
6359 8
6360 4
6361 1
6362 5
6363 9
6364 4
6365 3
6366 9
6367 7
6368 3
6369 5
6370 1
6371 5
6372 4
6373 8
6374 3
6375 4
6376 3
6377 6
6378 6
6379 9
6380 4
6381 4
6382 5
6383 3
6384 3
6385 4
6386 5
6387 6
6388 4
6389 5
6390 3
6391 6
6392 5
6393 2
6394 4
6395 5
6396 2
6397 3
6398 7
6399 5
6400 4
6401 5
6402 7
6403 6
6404 7
6405 5
6406 5
6407 1
6408 5
6409 5
6410 3
6411 5
6412 4
6413 1
6414 5
6415 5
6416 5
6417 7
6418 2
6419 6
6420 4
6421 4
6422 9
6423 2
6424 8
6425 8
6426 10
6427 7
6428 6
6429 3
6430 2
6431 1
6432 8
6433 7
6434 2
6435 5
6436 4
6437 5
6438 7
6439 4
6440 3
6441 5
6442 5
6443 0
6444 7
6445 2
6446 5
6447 4
6448 2
6449 2
6450 3
6451 9
6452 10
6453 4
6454 8
6455 3
6456 1
6457 7
6458 12
6459 7
6460 6
6461 4
6462 4
6463 7
6464 6
6465 2
6466 2
6467 6
6468 11
6469 4
6470 4
6471 7
6472 3
6473 5
6474 7
6475 3
6476 3
6477 4
6478 3
6479 6
6480 6
6481 6
6482 4
6483 4
6484 4
6485 8
6486 6
6487 6
6488 7
6489 3
6490 7
6491 5
6492 9
6493 10
6494 5
6495 8
6496 6
6497 3
6498 5
6499 4
6500 6
6501 4
6502 8
6503 3
6504 11
6505 4
6506 5
6507 4
6508 5
6509 4
6510 8
6511 7
6512 2
6513 9
6514 3
6515 6
6516 3
6517 3
6518 11
6519 6
6520 2
6521 3
6522 5
6523 3
6524 5
6525 6
6526 7
6527 4
6528 5
6529 6
6530 7
6531 8
6532 5
6533 6
6534 6
6535 2
6536 9
6537 8
6538 4
6539 6
6540 5
6541 6
6542 4
6543 4
6544 1
6545 5
6546 3
6547 6
6548 4
6549 6
6550 7
6551 2
6552 9
6553 3
6554 2
6555 3
6556 5
6557 2
6558 6
6559 7
6560 8
6561 10
6562 8
6563 5
6564 3
6565 3
6566 5
6567 2
6568 5
6569 3
6570 5
6571 7
6572 5
6573 2
6574 6
6575 6
6576 3
6577 8
6578 3
6579 4
6580 4
6581 4
6582 7
6583 5
6584 6
6585 4
6586 4
6587 2
6588 5
6589 7
6590 7
6591 7
6592 8
6593 12
6594 6
6595 6
6596 4
6597 2
6598 7
6599 3
6600 5
6601 4
6602 7
6603 9
6604 2
6605 4
6606 5
6607 4
6608 5
6609 7
6610 8
6611 1
6612 6
6613 4
6614 9
6615 5
6616 8
6617 3
6618 4
6619 4
6620 5
6621 5
6622 2
6623 5
6624 4
6625 5
6626 8
6627 3
6628 5
6629 6
6630 6
6631 2
6632 6
6633 5
6634 3
6635 5
6636 2
6637 5
6638 4
6639 3
6640 3
6641 4
6642 3
6643 5
6644 1
6645 8
6646 5
6647 4
6648 7
6649 3
6650 7
6651 3
6652 4
6653 10
6654 4
6655 4
6656 5
6657 5
6658 8
6659 3
6660 3
6661 6
6662 5
6663 3
6664 6
6665 3
6666 2
6667 8
6668 2
6669 4
6670 6
6671 3
6672 4
6673 4
6674 8
6675 4
6676 7
6677 7
6678 5
6679 4
6680 7
6681 4
6682 2
6683 6
6684 8
6685 5
6686 7
6687 5
6688 6
6689 4
6690 5
6691 5
6692 5
6693 6
6694 3
6695 6
6696 2
6697 1
6698 4
6699 7
6700 5
6701 5
6702 6
6703 5
6704 3
6705 8
6706 5
6707 5
6708 9
6709 2
6710 6
6711 3
6712 6
6713 3
6714 3
6715 3
6716 2
6717 5
6718 8
6719 5
6720 7
6721 8
6722 6
6723 7
6724 2
6725 5
6726 3
6727 8
6728 5
6729 8
6730 7
6731 5
6732 4
6733 3
6734 6
6735 5
6736 4
6737 3
6738 5
6739 6
6740 3
6741 5
6742 4
6743 6
6744 6
6745 9
6746 8
6747 4
6748 1
6749 3
6750 2
6751 7
6752 2
6753 9
6754 5
6755 2
6756 3
6757 2
6758 4
6759 2
6760 11
6761 6
6762 3
6763 4
6764 4
6765 4
6766 2
6767 3
6768 2
6769 6
6770 9
6771 8
6772 5
6773 5
6774 3
6775 11
6776 5
6777 4
6778 3
6779 4
6780 3
6781 7
6782 6
6783 5
6784 3
6785 4
6786 5
6787 1
6788 3
6789 8
6790 4
6791 7
6792 5
6793 8
6794 7
6795 4
6796 10
6797 1
6798 1
6799 3
6800 4
6801 6
6802 3
6803 2
6804 4
6805 5
6806 4
6807 3
6808 5
6809 3
6810 8
6811 4
6812 9
6813 7
6814 7
6815 2
6816 2
6817 9
6818 3
6819 1
6820 6
6821 3
6822 6
6823 4
6824 4
6825 8
6826 2
6827 3
6828 3
6829 3
6830 2
6831 5
6832 4
6833 8
6834 5
6835 4
6836 4
6837 4
6838 1
6839 1
6840 5
6841 5
6842 6
6843 8
6844 10
6845 3
6846 3
6847 6
6848 5
6849 5
6850 2
6851 6
6852 4
6853 4
6854 3
6855 4
6856 3
6857 5
6858 4
6859 2
6860 7
6861 6
6862 9
6863 8
6864 8
6865 7
6866 3
6867 6
6868 5
6869 1
6870 4
6871 2
6872 6
6873 7
6874 4
6875 2
6876 9
6877 6
6878 5
6879 5
6880 1
6881 4
6882 6
6883 2
6884 7
6885 3
6886 7
6887 6
6888 7
6889 7
6890 2
6891 7
6892 7
6893 3
6894 4
6895 7
6896 9
6897 5
6898 6
6899 4
6900 4
6901 7
6902 9
6903 4
6904 5
6905 5
6906 7
6907 9
6908 7
6909 1
6910 4
6911 4
6912 8
6913 9
6914 10
6915 6
6916 5
6917 5
6918 6
6919 5
6920 9
6921 8
6922 5
6923 2
6924 5
6925 6
6926 8
6927 8
6928 7
6929 3
6930 8
6931 4
6932 5
6933 7
6934 2
6935 2
6936 4
6937 2
6938 5
6939 1
6940 2
6941 7
6942 6
6943 8
6944 5
6945 7
6946 4
6947 4
6948 1
6949 9
6950 5
6951 7
6952 6
6953 6
6954 4
6955 4
6956 2
6957 5
6958 4
6959 5
6960 7
6961 3
6962 2
6963 2
6964 3
6965 5
6966 4
6967 8
6968 1
6969 6
6970 7
6971 4
6972 7
6973 4
6974 7
6975 5
6976 5
6977 5
6978 7
6979 6
6980 4
6981 5
6982 12
6983 7
6984 6
6985 9
6986 6
6987 3
6988 3
6989 4
6990 5
6991 5
6992 6
6993 4
6994 5
6995 9
6996 4
6997 8
6998 6
6999 9
7000 4
7001 4
7002 5
7003 3
7004 4
7005 3
7006 5
7007 6
7008 2
7009 6
7010 4
7011 7
7012 5
7013 3
7014 7
7015 7
7016 7
7017 6
7018 4
7019 6
7020 4
7021 6
7022 4
7023 7
7024 4
7025 5
7026 6
7027 6
7028 6
7029 4
7030 3
7031 5
7032 7
7033 3
7034 2
7035 5
7036 7
7037 6
7038 1
7039 5
7040 6
7041 1
7042 10
7043 2
7044 2
7045 7
7046 11
7047 3
7048 5
7049 4
7050 4
7051 4
7052 2
7053 6
7054 3
7055 4
7056 2
7057 6
7058 7
7059 3
7060 5
7061 4
7062 3
7063 7
7064 3
7065 8
7066 4
7067 5
7068 6
7069 6
7070 3
7071 5
7072 6
7073 6
7074 6
7075 6
7076 5
7077 6
7078 0
7079 8
7080 9
7081 3
7082 2
7083 1
7084 5
7085 7
7086 3
7087 9
7088 7
7089 3
7090 5
7091 2
7092 4
7093 7
7094 3
7095 7
7096 7
7097 5
7098 6
7099 4
7100 4
7101 5
7102 3
7103 8
7104 10
7105 5
7106 2
7107 6
7108 5
7109 9
7110 6
7111 5
7112 4
7113 6
7114 4
7115 8
7116 5
7117 2
7118 5
7119 6
7120 6
7121 5
7122 5
7123 6
7124 6
7125 0
7126 1
7127 6
7128 5
7129 5
7130 3
7131 6
7132 2
7133 7
7134 11
7135 9
7136 7
7137 8
7138 5
7139 6
7140 6
7141 3
7142 4
7143 3
7144 5
7145 6
7146 4
7147 4
7148 9
7149 7
7150 3
7151 4
7152 3
7153 7
7154 3
7155 5
7156 2
7157 3
7158 7
7159 6
7160 2
7161 2
7162 6
7163 2
7164 2
7165 10
7166 6
7167 4
7168 7
7169 11
7170 4
7171 7
7172 8
7173 3
7174 5
7175 7
7176 8
7177 10
7178 5
7179 8
7180 10
7181 5
7182 6
7183 5
7184 3
7185 6
7186 2
7187 2
7188 6
7189 1
7190 6
7191 5
7192 4
7193 5
7194 5
7195 4
7196 8
7197 1
7198 3
7199 7
7200 7
7201 8
7202 9
7203 3
7204 7
7205 3
7206 2
7207 7
7208 5
7209 4
7210 8
7211 5
7212 4
7213 3
7214 2
7215 4
7216 2
7217 8
7218 12
7219 4
7220 4
7221 7
7222 4
7223 3
7224 7
7225 6
7226 6
7227 4
7228 6
7229 3
7230 3
7231 5
7232 10
7233 5
7234 2
7235 1
7236 5
7237 4
7238 3
7239 3
7240 7
7241 4
7242 4
7243 5
7244 4
7245 6
7246 7
7247 5
7248 2
7249 7
7250 6
7251 3
7252 3
7253 1
7254 3
7255 4
7256 8
7257 5
7258 3
7259 2
7260 7
7261 8
7262 9
7263 3
7264 4
7265 11
7266 4
7267 4
7268 5
7269 5
7270 6
7271 5
7272 5
7273 4
7274 5
7275 4
7276 3
7277 6
7278 2
7279 4
7280 6
7281 4
7282 10
7283 3
7284 8
7285 5
7286 2
7287 5
7288 3
7289 4
7290 6
7291 5
7292 4
7293 4
7294 2
7295 3
7296 8
7297 7
7298 6
7299 8
7300 1
7301 7
7302 4
7303 1
7304 4
7305 10
7306 6
7307 5
7308 6
7309 7
7310 4
7311 9
7312 4
7313 4
7314 3
7315 7
7316 7
7317 3
7318 3
7319 5
7320 6
7321 6
7322 5
7323 6
7324 7
7325 10
7326 6
7327 8
7328 6
7329 3
7330 8
7331 2
7332 4
7333 6
7334 5
7335 3
7336 3
7337 3
7338 5
7339 13
7340 6
7341 3
7342 6
7343 7
7344 9
7345 1
7346 7
7347 5
7348 4
7349 5
7350 9
7351 3
7352 6
7353 4
7354 3
7355 5
7356 7
7357 5
7358 5
7359 4
7360 5
7361 3
7362 1
7363 5
7364 7
7365 6
7366 7
7367 1
7368 2
7369 3
7370 6
7371 3
7372 7
7373 7
7374 5
7375 7
7376 6
7377 6
7378 7
7379 3
7380 4
7381 3
7382 8
7383 1
7384 4
7385 8
7386 7
7387 0
7388 4
7389 4
7390 5
7391 7
7392 3
7393 5
7394 3
7395 5
7396 6
7397 2
7398 3
7399 9
7400 4
7401 3
7402 4
7403 2
7404 6
7405 8
7406 5
7407 7
7408 4
7409 2
7410 4
7411 5
7412 5
7413 3
7414 5
7415 10
7416 7
7417 7
7418 4
7419 12
7420 4
7421 5
7422 3
7423 4
7424 4
7425 5
7426 3
7427 2
7428 5
7429 4
7430 5
7431 7
7432 4
7433 9
7434 0
7435 4
7436 5
7437 5
7438 8
7439 3
7440 6
7441 6
7442 2
7443 4
7444 3
7445 5
7446 2
7447 4
7448 5
7449 3
7450 4
7451 3
7452 7
7453 4
7454 3
7455 5
7456 6
7457 8
7458 3
7459 6
7460 5
7461 3
7462 2
7463 4
7464 7
7465 4
7466 3
7467 1
7468 4
7469 4
7470 1
7471 5
7472 7
7473 5
7474 8
7475 4
7476 3
7477 5
7478 4
7479 3
7480 8
7481 5
7482 8
7483 5
7484 7
7485 10
7486 6
7487 8
7488 8
7489 5
7490 5
7491 7
7492 8
7493 13
7494 6
7495 4
7496 1
7497 2
7498 3
7499 5
7500 9
7501 4
7502 5
7503 1
7504 2
7505 3
7506 4
7507 5
7508 8
7509 7
7510 8
7511 9
7512 8
7513 4
7514 6
7515 6
7516 6
7517 4
7518 3
7519 5
7520 4
7521 11
7522 5
7523 8
7524 7
7525 7
7526 6
7527 6
7528 3
7529 4
7530 5
7531 11
7532 8
7533 9
7534 5
7535 7
7536 2
7537 3
7538 3
7539 11
7540 4
7541 3
7542 6
7543 6
7544 2
7545 6
7546 3
7547 4
7548 3
7549 4
7550 2
7551 6
7552 4
7553 9
7554 7
7555 3
7556 2
7557 3
7558 9
7559 5
7560 8
7561 5
7562 2
7563 7
7564 2
7565 6
7566 11
7567 7
7568 8
7569 7
7570 4
7571 5
7572 3
7573 4
7574 10
7575 2
7576 1
7577 0
7578 9
7579 5
7580 6
7581 2
7582 5
7583 3
7584 8
7585 5
7586 3
7587 5
7588 6
7589 7
7590 7
7591 9
7592 3
7593 5
7594 5
7595 7
7596 7
7597 7
7598 5
7599 7
7600 6
7601 3
7602 5
7603 2
7604 4
7605 4
7606 6
7607 3
7608 10
7609 9
7610 8
7611 5
7612 5
7613 4
7614 3
7615 5
7616 0
7617 8
7618 6
7619 6
7620 4
7621 4
7622 4
7623 5
7624 3
7625 5
7626 3
7627 5
7628 7
7629 0
7630 3
7631 7
7632 6
7633 5
7634 1
7635 5
7636 9
7637 8
7638 6
7639 5
7640 3
7641 4
7642 6
7643 3
7644 5
7645 4
7646 5
7647 5
7648 3
7649 5
7650 8
7651 6
7652 5
7653 5
7654 8
7655 5
7656 3
7657 3
7658 8
7659 4
7660 4
7661 8
7662 1
7663 5
7664 4
7665 7
7666 5
7667 7
7668 11
7669 5
7670 4
7671 8
7672 4
7673 5
7674 6
7675 2
7676 4
7677 5
7678 6
7679 6
7680 4
7681 5
7682 5
7683 8
7684 6
7685 5
7686 2
7687 2
7688 5
7689 7
7690 3
7691 6
7692 6
7693 5
7694 2
7695 9
7696 4
7697 9
7698 9
7699 3
7700 8
7701 4
7702 2
7703 4
7704 4
7705 8
7706 6
7707 3
7708 10
7709 6
7710 3
7711 6
7712 5
7713 4
7714 12
7715 3
7716 4
7717 6
7718 7
7719 3
7720 7
7721 4
7722 5
7723 3
7724 8
7725 8
7726 7
7727 4
7728 8
7729 6
7730 3
7731 4
7732 5
7733 5
7734 2
7735 5
7736 5
7737 8
7738 3
7739 4
7740 4
7741 7
7742 7
7743 6
7744 3
7745 4
7746 4
7747 5
7748 4
7749 4
7750 3
7751 3
7752 3
7753 9
7754 1
7755 5
7756 3
7757 4
7758 4
7759 11
7760 5
7761 8
7762 2
7763 4
7764 8
7765 3
7766 5
7767 5
7768 6
7769 2
7770 7
7771 11
7772 7
7773 4
7774 6
7775 4
7776 6
7777 3
7778 9
7779 9
7780 5
7781 6
7782 7
7783 7
7784 4
7785 1
7786 3
7787 5
7788 5
7789 5
7790 8
7791 7
7792 5
7793 5
7794 1
7795 6
7796 5
7797 6
7798 3
7799 3
7800 10
7801 4
7802 8
7803 6
7804 3
7805 6
7806 4
7807 5
7808 6
7809 5
7810 6
7811 4
7812 1
7813 5
7814 8
7815 7
7816 4
7817 5
7818 6
7819 6
7820 5
7821 8
7822 5
7823 5
7824 7
7825 6
7826 6
7827 5
7828 9
7829 4
7830 3
7831 2
7832 8
7833 3
7834 3
7835 5
7836 4
7837 6
7838 2
7839 6
7840 3
7841 7
7842 7
7843 3
7844 4
7845 4
7846 6
7847 2
7848 3
7849 5
7850 3
7851 3
7852 5
7853 6
7854 5
7855 4
7856 3
7857 5
7858 7
7859 10
7860 9
7861 3
7862 2
7863 4
7864 6
7865 7
7866 6
7867 4
7868 2
7869 6
7870 4
7871 7
7872 2
7873 3
7874 3
7875 5
7876 3
7877 2
7878 4
7879 2
7880 3
7881 3
7882 4
7883 9
7884 7
7885 2
7886 10
7887 3
7888 2
7889 4
7890 7
7891 7
7892 7
7893 4
7894 4
7895 4
7896 7
7897 7
7898 3
7899 7
7900 9
7901 3
7902 5
7903 2
7904 6
7905 5
7906 5
7907 9
7908 7
7909 5
7910 0
7911 10
7912 7
7913 5
7914 7
7915 4
7916 4
7917 7
7918 5
7919 4
7920 6
7921 9
7922 4
7923 3
7924 6
7925 5
7926 9
7927 4
7928 7
7929 4
7930 5
7931 2
7932 5
7933 1
7934 4
7935 7
7936 6
7937 6
7938 6
7939 4
7940 6
7941 4
7942 7
7943 8
7944 6
7945 6
7946 6
7947 3
7948 1
7949 3
7950 5
7951 3
7952 6
7953 1
7954 9
7955 13
7956 6
7957 6
7958 5
7959 6
7960 2
7961 12
7962 3
7963 5
7964 6
7965 6
7966 4
7967 7
7968 5
7969 7
7970 2
7971 0
7972 10
7973 11
7974 5
7975 7
7976 10
7977 5
7978 9
7979 2
7980 5
7981 7
7982 7
7983 7
7984 9
7985 8
7986 3
7987 7
7988 8
7989 7
7990 4
7991 5
7992 7
7993 4
7994 4
7995 5
7996 4
7997 5
7998 6
7999 9
8000 1
8001 7
8002 5
8003 5
8004 3
8005 3
8006 5
8007 12
8008 7
8009 1
8010 5
8011 5
8012 4
8013 4
8014 6
8015 8
8016 6
8017 7
8018 7
8019 3
8020 5
8021 7
8022 7
8023 3
8024 3
8025 4
8026 7
8027 5
8028 6
8029 4
8030 5
8031 7
8032 4
8033 6
8034 7
8035 3
8036 6
8037 5
8038 6
8039 8
8040 8
8041 4
8042 6
8043 4
8044 2
8045 6
8046 5
8047 5
8048 3
8049 3
8050 5
8051 8
8052 4
8053 2
8054 8
8055 6
8056 3
8057 4
8058 5
8059 5
8060 5
8061 1
8062 5
8063 5
8064 10
8065 6
8066 5
8067 10
8068 10
8069 4
8070 3
8071 8
8072 9
8073 5
8074 4
8075 6
8076 6
8077 6
8078 3
8079 8
8080 6
8081 4
8082 3
8083 7
8084 2
8085 7
8086 3
8087 7
8088 6
8089 6
8090 5
8091 8
8092 2
8093 6
8094 5
8095 5
8096 5
8097 4
8098 4
8099 4
8100 6
8101 6
8102 8
8103 2
8104 6
8105 5
8106 10
8107 3
8108 8
8109 2
8110 2
8111 5
8112 6
8113 3
8114 7
8115 1
8116 2
8117 6
8118 5
8119 5
8120 4
8121 3
8122 9
8123 6
8124 7
8125 7
8126 6
8127 6
8128 8
8129 7
8130 6
8131 1
8132 3
8133 8
8134 7
8135 6
8136 5
8137 2
8138 5
8139 3
8140 5
8141 9
8142 5
8143 7
8144 2
8145 3
8146 8
8147 4
8148 6
8149 6
8150 6
8151 4
8152 3
8153 8
8154 6
8155 8
8156 6
8157 6
8158 4
8159 7
8160 4
8161 5
8162 5
8163 4
8164 5
8165 7
8166 7
8167 4
8168 4
8169 5
8170 12
8171 1
8172 9
8173 8
8174 5
8175 3
8176 5
8177 2
8178 5
8179 3
8180 2
8181 5
8182 2
8183 6
8184 8
8185 3
8186 4
8187 4
8188 6
8189 9
8190 4
8191 6
8192 3
8193 1
8194 2
8195 8
8196 6
8197 5
8198 4
8199 7
8200 1
8201 6
8202 6
8203 5
8204 6
8205 3
8206 6
8207 2
8208 2
8209 6
8210 4
8211 5
8212 2
8213 5
8214 6
8215 4
8216 7
8217 7
8218 2
8219 5
8220 4
8221 8
8222 6
8223 5
8224 4
8225 3
8226 2
8227 6
8228 6
8229 8
8230 3
8231 4
8232 4
8233 4
8234 4
8235 4
8236 2
8237 6
8238 4
8239 3
8240 7
8241 8
8242 3
8243 2
8244 3
8245 9
8246 7
8247 6
8248 6
8249 3
8250 5
8251 9
8252 7
8253 3
8254 2
8255 2
8256 5
8257 5
8258 3
8259 3
8260 5
8261 7
8262 3
8263 4
8264 8
8265 6
8266 5
8267 3
8268 5
8269 5
8270 7
8271 5
8272 3
8273 5
8274 8
8275 6
8276 3
8277 6
8278 6
8279 7
8280 3
8281 3
8282 2
8283 6
8284 3
8285 4
8286 2
8287 2
8288 9
8289 3
8290 6
8291 5
8292 3
8293 7
8294 7
8295 5
8296 4
8297 5
8298 3
8299 5
8300 4
8301 4
8302 2
8303 3
8304 5
8305 4
8306 4
8307 4
8308 6
8309 6
8310 5
8311 5
8312 5
8313 8
8314 12
8315 11
8316 6
8317 7
8318 5
8319 1
8320 5
8321 6
8322 2
8323 7
8324 6
8325 5
8326 6
8327 5
8328 8
8329 2
8330 6
8331 7
8332 10
8333 8
8334 6
8335 5
8336 5
8337 3
8338 6
8339 2
8340 7
8341 5
8342 5
8343 5
8344 7
8345 4
8346 5
8347 6
8348 7
8349 5
8350 7
8351 5
8352 3
8353 9
8354 6
8355 5
8356 8
8357 6
8358 4
8359 3
8360 6
8361 1
8362 5
8363 1
8364 7
8365 6
8366 5
8367 5
8368 1
8369 5
8370 7
8371 4
8372 3
8373 7
8374 3
8375 13
8376 8
8377 3
8378 5
8379 5
8380 6
8381 9
8382 3
8383 5
8384 3
8385 5
8386 7
8387 6
8388 2
8389 7
8390 7
8391 3
8392 6
8393 9
8394 2
8395 8
8396 4
8397 8
8398 3
8399 6
8400 5
8401 6
8402 3
8403 5
8404 6
8405 5
8406 4
8407 8
8408 6
8409 4
8410 3
8411 2
8412 8
8413 5
8414 3
8415 4
8416 3
8417 7
8418 3
8419 3
8420 4
8421 5
8422 5
8423 7
8424 2
8425 2
8426 12
8427 3
8428 7
8429 7
8430 5
8431 2
8432 8
8433 1
8434 4
8435 7
8436 3
8437 3
8438 3
8439 9
8440 8
8441 6
8442 4
8443 4
8444 5
8445 5
8446 4
8447 3
8448 9
8449 6
8450 7
8451 8
8452 8
8453 3
8454 4
8455 2
8456 9
8457 5
8458 1
8459 6
8460 6
8461 3
8462 7
8463 4
8464 5
8465 5
8466 5
8467 5
8468 4
8469 5
8470 4
8471 4
8472 3
8473 6
8474 5
8475 5
8476 7
8477 8
8478 1
8479 6
8480 6
8481 2
8482 7
8483 5
8484 5
8485 8
8486 5
8487 5
8488 5
8489 6
8490 7
8491 8
8492 5
8493 4
8494 6
8495 4
8496 4
8497 3
8498 5
8499 7
8500 5
8501 5
8502 6
8503 4
8504 6
8505 5
8506 6
8507 6
8508 4
8509 10
8510 5
8511 12
8512 9
8513 4
8514 5
8515 5
8516 4
8517 5
8518 6
8519 9
8520 7
8521 6
8522 5
8523 6
8524 4
8525 5
8526 7
8527 8
8528 2
8529 3
8530 4
8531 2
8532 4
8533 4
8534 7
8535 8
8536 7
8537 6
8538 9
8539 3
8540 3
8541 4
8542 3
8543 3
8544 5
8545 6
8546 9
8547 10
8548 1
8549 4
8550 5
8551 10
8552 8
8553 3
8554 3
8555 9
8556 7
8557 4
8558 3
8559 1
8560 3
8561 1
8562 14
8563 4
8564 5
8565 4
8566 7
8567 3
8568 7
8569 3
8570 3
8571 2
8572 3
8573 7
8574 3
8575 5
8576 3
8577 5
8578 5
8579 6
8580 6
8581 2
8582 4
8583 5
8584 4
8585 6
8586 3
8587 10
8588 7
8589 3
8590 5
8591 6
8592 6
8593 3
8594 9
8595 3
8596 8
8597 5
8598 6
8599 7
8600 2
8601 7
8602 5
8603 6
8604 5
8605 4
8606 4
8607 6
8608 7
8609 10
8610 3
8611 9
8612 5
8613 6
8614 7
8615 5
8616 3
8617 3
8618 6
8619 0
8620 2
8621 8
8622 5
8623 4
8624 4
8625 3
8626 11
8627 5
8628 5
8629 9
8630 3
8631 5
8632 4
8633 11
8634 5
8635 2
8636 4
8637 7
8638 3
8639 6
8640 6
8641 4
8642 7
8643 4
8644 3
8645 3
8646 10
8647 8
8648 9
8649 6
8650 7
8651 3
8652 3
8653 4
8654 9
8655 9
8656 9
8657 1
8658 4
8659 1
8660 3
8661 8
8662 3
8663 4
8664 6
8665 4
8666 4
8667 8
8668 5
8669 6
8670 4
8671 6
8672 1
8673 1
8674 7
8675 7
8676 2
8677 7
8678 6
8679 6
8680 4
8681 3
8682 8
8683 6
8684 5
8685 4
8686 6
8687 2
8688 8
8689 5
8690 6
8691 4
8692 4
8693 8
8694 3
8695 1
8696 2
8697 10
8698 3
8699 4
8700 5
8701 6
8702 5
8703 6
8704 3
8705 7
8706 6
8707 5
8708 4
8709 5
8710 5
8711 6
8712 9
8713 6
8714 12
8715 5
8716 4
8717 7
8718 3
8719 5
8720 2
8721 12
8722 5
8723 1
8724 6
8725 6
8726 7
8727 4
8728 3
8729 8
8730 3
8731 6
8732 3
8733 5
8734 6
8735 9
8736 6
8737 7
8738 7
8739 6
8740 0
8741 8
8742 2
8743 5
8744 4
8745 7
8746 2
8747 4
8748 7
8749 9
8750 5
8751 9
8752 3
8753 6
8754 3
8755 5
8756 4
8757 5
8758 5
8759 5
8760 10
8761 2
8762 11
8763 5
8764 3
8765 4
8766 2
8767 5
8768 7
8769 5
8770 9
8771 4
8772 3
8773 7
8774 6
8775 6
8776 8
8777 10
8778 8
8779 5
8780 3
8781 4
8782 9
8783 7
8784 5
8785 5
8786 2
8787 4
8788 12
8789 4
8790 7
8791 5
8792 4
8793 2
8794 12
8795 5
8796 5
8797 8
8798 9
8799 11
8800 5
8801 7
8802 4
8803 5
8804 5
8805 4
8806 6
8807 7
8808 7
8809 5
8810 6
8811 5
8812 7
8813 4
8814 2
8815 6
8816 3
8817 1
8818 5
8819 3
8820 2
8821 8
8822 8
8823 2
8824 3
8825 3
8826 6
8827 12
8828 8
8829 3
8830 6
8831 5
8832 6
8833 7
8834 3
8835 4
8836 6
8837 3
8838 5
8839 6
8840 6
8841 4
8842 3
8843 3
8844 7
8845 4
8846 5
8847 4
8848 3
8849 2
8850 7
8851 8
8852 5
8853 5
8854 7
8855 1
8856 6
8857 5
8858 5
8859 3
8860 2
8861 5
8862 4
8863 6
8864 4
8865 8
8866 5
8867 3
8868 7
8869 3
8870 3
8871 4
8872 2
8873 6
8874 3
8875 2
8876 2
8877 11
8878 2
8879 6
8880 6
8881 4
8882 5
8883 7
8884 6
8885 4
8886 6
8887 5
8888 2
8889 2
8890 6
8891 9
8892 1
8893 9
8894 8
8895 4
8896 5
8897 4
8898 2
8899 7
8900 5
8901 6
8902 5
8903 6
8904 4
8905 4
8906 5
8907 4
8908 4
8909 8
8910 9
8911 3
8912 4
8913 6
8914 5
8915 5
8916 5
8917 5
8918 3
8919 7
8920 2
8921 10
8922 2
8923 1
8924 4
8925 4
8926 2
8927 6
8928 2
8929 4
8930 4
8931 8
8932 9
8933 6
8934 5
8935 7
8936 5
8937 5
8938 3
8939 4
8940 3
8941 2
8942 3
8943 7
8944 5
8945 5
8946 3
8947 9
8948 4
8949 5
8950 7
8951 5
8952 5
8953 3
8954 7
8955 4
8956 3
8957 4
8958 4
8959 11
8960 5
8961 10
8962 2
8963 3
8964 6
8965 7
8966 5
8967 4
8968 8
8969 4
8970 5
8971 1
8972 3
8973 1
8974 6
8975 6
8976 8
8977 9
8978 7
8979 3
8980 8
8981 7
8982 6
8983 4
8984 5
8985 7
8986 6
8987 8
8988 5
8989 9
8990 3
8991 5
8992 7
8993 5
8994 3
8995 4
8996 2
8997 7
8998 2
8999 8
9000 5
9001 8
9002 8
9003 4
9004 6
9005 6
9006 5
9007 3
9008 9
9009 5
9010 3
9011 5
9012 5
9013 7
9014 7
9015 4
9016 7
9017 4
9018 3
9019 7
9020 6
9021 8
9022 6
9023 5
9024 3
9025 2
9026 3
9027 4
9028 6
9029 7
9030 6
9031 9
9032 3
9033 6
9034 8
9035 3
9036 10
9037 10
9038 6
9039 7
9040 7
9041 4
9042 5
9043 8
9044 5
9045 6
9046 4
9047 8
9048 7
9049 2
9050 6
9051 5
9052 6
9053 4
9054 6
9055 5
9056 9
9057 5
9058 4
9059 6
9060 6
9061 3
9062 4
9063 9
9064 6
9065 9
9066 4
9067 3
9068 6
9069 8
9070 3
9071 1
9072 6
9073 3
9074 6
9075 4
9076 6
9077 5
9078 4
9079 7
9080 5
9081 3
9082 7
9083 3
9084 11
9085 8
9086 6
9087 6
9088 7
9089 3
9090 2
9091 7
9092 0
9093 5
9094 10
9095 6
9096 4
9097 13
9098 3
9099 6
9100 4
9101 5
9102 2
9103 5
9104 6
9105 3
9106 6
9107 5
9108 6
9109 8
9110 6
9111 5
9112 4
9113 10
9114 3
9115 5
9116 8
9117 4
9118 9
9119 3
9120 3
9121 3
9122 4
9123 4
9124 6
9125 10
9126 6
9127 3
9128 6
9129 3
9130 8
9131 7
9132 4
9133 6
9134 2
9135 2
9136 4
9137 7
9138 6
9139 8
9140 5
9141 8
9142 7
9143 5
9144 2
9145 3
9146 4
9147 4
9148 5
9149 7
9150 3
9151 4
9152 3
9153 3
9154 8
9155 6
9156 5
9157 3
9158 5
9159 6
9160 5
9161 4
9162 5
9163 2
9164 9
9165 5
9166 4
9167 5
9168 5
9169 5
9170 8
9171 7
9172 6
9173 5
9174 6
9175 9
9176 4
9177 6
9178 3
9179 4
9180 6
9181 5
9182 5
9183 8
9184 7
9185 3
9186 6
9187 5
9188 6
9189 3
9190 3
9191 7
9192 5
9193 5
9194 8
9195 7
9196 4
9197 1
9198 5
9199 3
9200 8
9201 4
9202 4
9203 4
9204 5
9205 4
9206 6
9207 8
9208 2
9209 3
9210 4
9211 6
9212 12
9213 5
9214 5
9215 3
9216 7
9217 3
9218 5
9219 3
9220 6
9221 5
9222 5
9223 2
9224 2
9225 3
9226 5
9227 4
9228 7
9229 5
9230 3
9231 3
9232 5
9233 3
9234 5
9235 2
9236 10
9237 10
9238 4
9239 6
9240 5
9241 7
9242 7
9243 4
9244 2
9245 4
9246 6
9247 4
9248 3
9249 1
9250 3
9251 7
9252 4
9253 3
9254 6
9255 8
9256 5
9257 8
9258 5
9259 5
9260 8
9261 5
9262 6
9263 11
9264 5
9265 8
9266 5
9267 6
9268 6
9269 5
9270 5
9271 4
9272 2
9273 1
9274 4
9275 7
9276 5
9277 7
9278 6
9279 1
9280 4
9281 4
9282 6
9283 3
9284 11
9285 4
9286 10
9287 5
9288 5
9289 4
9290 9
9291 8
9292 4
9293 5
9294 12
9295 1
9296 10
9297 3
9298 7
9299 9
9300 3
9301 3
9302 6
9303 1
9304 5
9305 3
9306 6
9307 5
9308 3
9309 2
9310 8
9311 8
9312 6
9313 2
9314 6
9315 9
9316 3
9317 1
9318 6
9319 7
9320 2
9321 2
9322 7
9323 2
9324 4
9325 4
9326 7
9327 5
9328 7
9329 2
9330 4
9331 4
9332 9
9333 7
9334 3
9335 7
9336 6
9337 3
9338 6
9339 5
9340 9
9341 6
9342 5
9343 7
9344 6
9345 0
9346 5
9347 1
9348 3
9349 8
9350 8
9351 11
9352 6
9353 4
9354 5
9355 7
9356 4
9357 4
9358 3
9359 6
9360 3
9361 4
9362 4
9363 7
9364 6
9365 7
9366 4
9367 4
9368 5
9369 6
9370 4
9371 11
9372 5
9373 3
9374 5
9375 5
9376 7
9377 7
9378 4
9379 7
9380 3
9381 5
9382 4
9383 5
9384 3
9385 4
9386 1
9387 4
9388 3
9389 5
9390 5
9391 9
9392 8
9393 2
9394 2
9395 5
9396 7
9397 5
9398 5
9399 7
9400 3
9401 2
9402 5
9403 3
9404 2
9405 7
9406 8
9407 6
9408 5
9409 3
9410 5
9411 5
9412 6
9413 8
9414 7
9415 4
9416 1
9417 6
9418 7
9419 4
9420 6
9421 5
9422 8
9423 6
9424 3
9425 3
9426 2
9427 7
9428 6
9429 7
9430 6
9431 4
9432 5
9433 4
9434 2
9435 5
9436 5
9437 4
9438 6
9439 3
9440 10
9441 6
9442 2
9443 6
9444 5
9445 3
9446 1
9447 4
9448 3
9449 4
9450 3
9451 7
9452 8
9453 6
9454 4
9455 2
9456 13
9457 6
9458 8
9459 2
9460 4
9461 6
9462 2
9463 2
9464 5
9465 2
9466 8
9467 5
9468 9
9469 6
9470 6
9471 6
9472 0
9473 6
9474 6
9475 6
9476 6
9477 2
9478 5
9479 8
9480 3
9481 7
9482 6
9483 4
9484 6
9485 5
9486 5
9487 8
9488 6
9489 3
9490 2
9491 9
9492 6
9493 1
9494 6
9495 6
9496 5
9497 6
9498 6
9499 7
9500 6
9501 2
9502 6
9503 3
9504 6
9505 1
9506 2
9507 5
9508 3
9509 4
9510 3
9511 7
9512 6
9513 5
9514 3
9515 5
9516 4
9517 6
9518 7
9519 6
9520 5
9521 3
9522 5
9523 5
9524 6
9525 5
9526 6
9527 6
9528 5
9529 7
9530 1
9531 3
9532 9
9533 6
9534 9
9535 6
9536 3
9537 6
9538 5
9539 7
9540 5
9541 6
9542 5
9543 6
9544 6
9545 4
9546 3
9547 4
9548 6
9549 3
9550 10
9551 3
9552 5
9553 5
9554 2
9555 4
9556 5
9557 6
9558 1
9559 5
9560 3
9561 4
9562 1
9563 2
9564 1
9565 2
9566 3
9567 3
9568 4
9569 2
9570 2
9571 5
9572 7
9573 7
9574 6
9575 3
9576 3
9577 9
9578 7
9579 4
9580 2
9581 7
9582 2
9583 3
9584 3
9585 5
9586 3
9587 2
9588 6
9589 7
9590 4
9591 3
9592 9
9593 6
9594 6
9595 3
9596 2
9597 1
9598 10
9599 1
9600 4
9601 8
9602 4
9603 5
9604 9
9605 5
9606 2
9607 6
9608 3
9609 4
9610 4
9611 4
9612 2
9613 5
9614 3
9615 3
9616 5
9617 4
9618 7
9619 2
9620 4
9621 7
9622 5
9623 4
9624 2
9625 8
9626 5
9627 4
9628 7
9629 6
9630 4
9631 5
9632 9
9633 5
9634 3
9635 6
9636 6
9637 5
9638 9
9639 6
9640 6
9641 5
9642 1
9643 5
9644 6
9645 3
9646 2
9647 4
9648 4
9649 5
9650 5
9651 4
9652 6
9653 7
9654 4
9655 2
9656 8
9657 4
9658 2
9659 6
9660 9
9661 5
9662 8
9663 2
9664 5
9665 5
9666 4
9667 3
9668 8
9669 3
9670 9
9671 3
9672 5
9673 1
9674 6
9675 1
9676 5
9677 5
9678 6
9679 3
9680 4
9681 6
9682 4
9683 5
9684 5
9685 2
9686 7
9687 7
9688 8
9689 7
9690 3
9691 6
9692 5
9693 4
9694 11
9695 7
9696 4
9697 4
9698 9
9699 7
9700 3
9701 4
9702 5
9703 2
9704 8
9705 4
9706 6
9707 4
9708 6
9709 3
9710 4
9711 2
9712 4
9713 1
9714 7
9715 8
9716 7
9717 3
9718 9
9719 7
9720 8
9721 0
9722 5
9723 5
9724 9
9725 5
9726 7
9727 2
9728 7
9729 6
9730 5
9731 8
9732 4
9733 6
9734 3
9735 4
9736 3
9737 6
9738 5
9739 8
9740 5
9741 7
9742 6
9743 2
9744 6
9745 8
9746 6
9747 5
9748 4
9749 8
9750 5
9751 5
9752 9
9753 3
9754 6
9755 3
9756 5
9757 4
9758 6
9759 11
9760 3
9761 4
9762 9
9763 8
9764 5
9765 4
9766 7
9767 7
9768 5
9769 5
9770 8
9771 5
9772 4
9773 5
9774 7
9775 3
9776 6
9777 1
9778 8
9779 5
9780 4
9781 5
9782 5
9783 5
9784 4
9785 5
9786 4
9787 5
9788 5
9789 6
9790 6
9791 5
9792 5
9793 7
9794 5
9795 5
9796 2
9797 8
9798 4
9799 3
9800 7
9801 5
9802 6
9803 3
9804 3
9805 11
9806 6
9807 7
9808 9
9809 7
9810 3
9811 2
9812 6
9813 4
9814 5
9815 5
9816 8
9817 3
9818 6
9819 4
9820 1
9821 3
9822 4
9823 9
9824 3
9825 6
9826 9
9827 5
9828 5
9829 4
9830 2
9831 8
9832 5
9833 6
9834 7
9835 5
9836 2
9837 6
9838 3
9839 7
9840 8
9841 9
9842 7
9843 5
9844 5
9845 8
9846 6
9847 6
9848 3
9849 4
9850 5
9851 7
9852 2
9853 9
9854 3
9855 2
9856 6
9857 2
9858 5
9859 5
9860 5
9861 4
9862 4
9863 6
9864 5
9865 7
9866 5
9867 6
9868 11
9869 4
9870 2
9871 5
9872 4
9873 4
9874 9
9875 10
9876 3
9877 3
9878 4
9879 9
9880 4
9881 10
9882 4
9883 3
9884 4
9885 6
9886 4
9887 1
9888 8
9889 2
9890 3
9891 5
9892 5
9893 5
9894 6
9895 5
9896 5
9897 1
9898 5
9899 7
9900 7
9901 8
9902 4
9903 3
9904 2
9905 11
9906 2
9907 7
9908 5
9909 7
9910 5
9911 2
9912 1
9913 9
9914 3
9915 6
9916 5
9917 3
9918 7
9919 4
9920 5
9921 8
9922 6
9923 6
9924 5
9925 4
9926 5
9927 6
9928 3
9929 9
9930 5
9931 7
9932 6
9933 7
9934 5
9935 8
9936 9
9937 2
9938 4
9939 4
9940 10
9941 9
9942 5
9943 4
9944 5
9945 4
9946 4
9947 7
9948 6
9949 5
9950 7
9951 4
9952 4
9953 5
9954 5
9955 2
9956 5
9957 6
9958 4
9959 5
9960 6
9961 6
9962 3
9963 10
9964 9
9965 3
9966 8
9967 2
9968 7
9969 4
9970 5
9971 6
9972 6
9973 5
9974 3
9975 4
9976 4
9977 2
9978 9
9979 7
9980 3
9981 6
9982 4
9983 0
9984 6
9985 7
9986 4
9987 9
9988 4
9989 5
9990 1
9991 6
9992 3
9993 7
9994 6
9995 3
9996 4
9997 7
9998 5
9999 3
10000 5
10001 7
10002 7
10003 2
10004 6
10005 6
10006 6
10007 5
10008 4
10009 3
10010 5
10011 5
10012 6
10013 5
10014 1
10015 6
10016 2
10017 5
10018 10
10019 4
10020 4
10021 3
10022 10
10023 7
10024 4
10025 6
10026 8
10027 5
10028 6
10029 7
10030 5
10031 3
10032 4
10033 2
10034 5
10035 3
10036 5
10037 7
10038 7
10039 7
10040 4
10041 3
10042 3
10043 1
10044 4
10045 6
10046 4
10047 5
10048 6
10049 7
10050 4
10051 5
10052 6
10053 1
10054 4
10055 4
10056 4
10057 5
10058 4
10059 6
10060 3
10061 1
10062 5
10063 3
10064 6
10065 6
10066 5
10067 6
10068 6
10069 4
10070 3
10071 7
10072 6
10073 2
10074 4
10075 4
10076 7
10077 7
10078 5
10079 7
10080 6
10081 5
10082 4
10083 8
10084 5
10085 1
10086 6
10087 5
10088 6
10089 6
10090 5
10091 9
10092 6
10093 4
10094 7
10095 4
10096 7
10097 11
10098 4
10099 3
10100 6
10101 8
10102 8
10103 11
10104 2
10105 3
10106 4
10107 5
10108 6
10109 4
10110 6
10111 4
10112 7
10113 7
10114 5
10115 3
10116 8
10117 5
10118 6
10119 2
10120 7
10121 3
10122 4
10123 3
10124 5
10125 6
10126 3
10127 1
10128 8
10129 4
10130 4
10131 8
10132 6
10133 4
10134 4
10135 7
10136 9
10137 7
10138 6
10139 7
10140 6
10141 9
10142 3
10143 5
10144 8
10145 6
10146 5
10147 8
10148 1
10149 4
10150 6
10151 4
10152 8
10153 3
10154 6
10155 6
10156 4
10157 4
10158 4
10159 5
10160 6
10161 4
10162 6
10163 5
10164 5
10165 3
10166 5
10167 7
10168 4
10169 6
10170 7
10171 4
10172 8
10173 4
10174 6
10175 4
10176 7
10177 6
10178 8
10179 4
10180 4
10181 4
10182 4
10183 3
10184 6
10185 3
10186 7
10187 3
10188 6
10189 7
10190 7
10191 6
10192 2
10193 4
10194 3
10195 2
10196 3
10197 3
10198 6
10199 4
10200 6
10201 5
10202 8
10203 4
10204 8
10205 12
10206 7
10207 9
10208 7
10209 7
10210 7
10211 6
10212 6
10213 3
10214 5
10215 5
10216 5
10217 6
10218 7
10219 7
10220 1
10221 1
10222 3
10223 6
10224 7
10225 5
10226 5
10227 6
10228 5
10229 7
10230 9
10231 4
10232 6
10233 1
10234 5
10235 11
10236 3
10237 2
10238 8
10239 5
10240 5
10241 7
10242 8
10243 2
10244 6
10245 2
10246 9
10247 7
10248 3
10249 5
10250 3
10251 6
10252 4
10253 5
10254 3
10255 6
10256 4
10257 10
10258 5
10259 5
10260 5
10261 2
10262 6
10263 4
10264 6
10265 4
10266 3
