0 5
1 14
2 2
3 7
4 7
5 5
6 0
7 5
8 3
9 9
10 6
11 0
12 2
13 10
14 5
15 9
16 2
17 8
18 4
19 1
20 5
21 8
22 1
23 1
24 5
25 7
26 3
27 7
28 3
29 9
30 3
31 4
32 2
33 8
34 1
35 4
36 3
37 13
38 6
39 5
40 3
41 9
42 3
43 8
44 4
45 8
46 4
47 11
48 4
49 14
50 1
51 2
52 3
53 9
54 3
55 6
56 3
57 8
58 2
59 3
60 1
61 9
62 3
63 7
64 3
65 13
66 2
67 7
68 3
69 9
70 3
71 1
72 3
73 10
74 4
75 5
76 2
77 8
78 5
79 4
80 3
81 13
82 1
83 3
84 12
85 4
86 1
87 6
88 2
89 10
90 3
91 3
92 2
93 10
94 8
95 8
96 2
97 12
98 1
99 3
100 11
101 11
102 8
103 3
104 8
105 10
106 4
107 2
108 3
109 2
110 6
111 4
112 2
113 7
114 1
115 6
116 5
117 7
118 2
119 5
120 2
121 11
122 2
123 6
124 3
125 12
126 6
127 10
128 3
129 17
130 2
131 4
132 10
133 12
134 2
135 4
136 4
137 14
138 2
139 3
140 2
141 7
142 3
143 6
144 2
145 9
146 2
147 5
148 7
149 4
150 5
151 8
152 3
153 8
154 1
155 3
156 3
157 10
158 5
159 9
160 4
161 15
162 5
163 8
164 7
165 4
166 3
167 7
168 5
169 11
170 4
171 8
172 2
173 6
174 7
175 9
176 3
177 12
178 3
179 6
180 4
181 8
182 0
183 9
184 6
185 10
186 0
187 6
188 3
189 15
190 1
191 11
192 1
193 8
194 2
195 8
196 8
197 10
198 5
199 0
200 3
201 6
202 3
203 1
204 3
205 13
206 4
207 9
208 2
209 9
210 1
211 5
212 3
213 9
214 4
215 5
216 3
217 7
218 4
219 1
220 3
221 5
222 3
223 10
224 2
225 17
226 1
227 6
228 6
229 8
230 2
231 3
232 2
233 6
234 2
235 4
236 2
237 3
238 4
239 7
240 3
241 13
242 0
243 2
244 6
245 10
246 6
247 2
248 2
249 3
250 6
251 4
252 2
253 6
254 7
255 7
256 4
257 9
258 6
259 12
260 6
261 8
262 8
263 6
264 8
265 17
266 7
267 6
268 9
269 6
270 8
271 14
272 1
273 13
274 5
275 5
276 10
277 11
278 7
279 13
280 10
281 10
282 7
283 6
284 4
285 9
286 14
287 13
288 3
289 18
290 4
291 3
292 4
293 11
294 8
295 6
296 7
297 15
298 8
299 7
300 10
301 10
302 6
303 12
304 3
305 11
306 4
307 5
308 11
309 17
310 7
311 6
312 10
313 11
314 10
315 11
316 5
317 8
318 5
319 10
320 1
321 10
322 4
323 7
324 7
325 11
326 6
327 6
328 3
329 7
330 10
331 7
332 3
333 15
334 3
335 7
336 2
337 16
338 1
339 5
340 8
341 15
342 8
343 4
344 6
345 8
346 5
347 7
348 1
349 9
350 5
351 12
352 3
353 8
354 2
355 6
356 8
357 8
358 5
359 7
360 3
361 13
362 5
363 6
364 6
365 5
366 8
367 8
368 1
369 15
370 9
371 4
372 2
373 6
374 9
375 5
376 1
377 10
378 10
379 7
380 5
381 15
382 8
383 3
384 0
385 10
386 2
387 2
388 5
389 10
390 0
391 7
392 6
393 13
394 3
395 6
396 0
397 7
398 7
399 2
400 1
401 13
402 7
403 5
404 12
405 6
406 4
407 2
408 6
409 4
410 4
411 1
412 2
413 10
414 5
415 7
416 1
417 5
418 1
419 7
420 6
421 6
422 7
423 4
424 3
425 13
426 4
427 2
428 5
429 7
430 7
431 6
432 2
433 8
434 2
435 3
436 7
437 8
438 4
439 7
440 5
441 11
442 4
443 6
444 4
445 14
446 4
447 8
448 6
449 5
450 2
451 4
452 6
453 8
454 9
455 7
456 3
457 11
458 9
459 4
460 3
461 13
462 6
463 6
464 3
465 7
466 2
467 3
468 3
469 12
470 6
471 8
472 5
473 8
474 5
475 3
476 4
477 8
478 5
479 6
480 2
481 11
482 2
483 4
484 5
485 6
486 4
487 2
488 1
489 10
490 1
491 6
492 1
493 5
494 5
495 9
496 3
497 10
498 2
499 2
500 7
501 5
502 6
503 4
504 1
505 8
506 4
507 3
508 3
509 8
510 3
511 7
512 5
513 15
514 7
515 8
516 7
517 16
518 5
519 8
520 9
521 17
522 10
523 10
524 6
525 16
526 8
527 15
528 11
529 19
530 2
531 7
532 10
533 13
534 11
535 8
536 4
537 18
538 8
539 6
540 5
541 13
542 11
543 17
544 3
545 26
546 5
547 10
548 7
549 15
550 8
551 15
552 9
553 15
554 11
555 8
556 11
557 11
558 6
559 11
560 10
561 10
562 7
563 7
564 12
565 11
566 8
567 11
568 9
569 10
570 9
571 8
572 12
573 15
574 3
575 17
576 12
577 13
578 3
579 11
580 10
581 7
582 10
583 5
584 4
585 16
586 7
587 11
588 10
589 13
590 5
591 14
592 11
593 19
594 6
595 11
596 7
597 14
598 5
599 8
600 9
601 16
602 10
603 12
604 6
605 22
606 9
607 11
608 12
609 15
610 5
611 8
612 7
613 14
614 7
615 8
616 8
617 14
618 16
619 11
620 8
621 22
622 9
623 6
624 5
625 17
626 5
627 15
628 12
629 14
630 3
631 12
632 10
633 13
634 8
635 8
636 7
637 24
638 9
639 10
640 8
641 14
642 4
643 4
644 9
645 11
646 7
647 9
648 5
649 13
650 10
651 7
652 6
653 14
654 5
655 10
656 7
657 17
658 4
659 9
660 6
661 6
662 11
663 7
664 10
665 17
666 9
667 4
668 9
669 19
670 13
671 12
672 2
673 15
674 5
675 7
676 11
677 16
678 5
679 5
680 6
681 11
682 8
683 7
684 6
685 13
686 6
687 11
688 5
689 19
690 8
691 9
692 9
693 12
694 13
695 5
696 3
697 20
698 13
699 6
700 8
701 14
702 5
703 6
704 5
705 8
706 2
707 2
708 7
709 6
710 3
711 3
712 2
713 11
714 4
715 4
716 2
717 14
718 3
719 7
720 1
721 12
722 3
723 2
724 8
725 8
726 7
727 5
728 5
729 8
730 4
731 9
732 4
733 19
734 8
735 10
736 7
737 12
738 2
739 6
740 7
741 13
742 8
743 7
744 3
745 8
746 7
747 7
748 5
749 7
750 5
751 10
752 4
753 12
754 7
755 1
756 6
757 7
758 4
759 7
760 7
761 11
762 3
763 10
764 3
765 9
766 7
767 10
768 3
769 8
770 1
771 4
772 2
773 8
774 6
775 6
776 1
777 5
778 2
779 1
780 1
781 6
782 7
783 7
784 1
785 7
786 2
787 3
788 3
789 6
790 3
791 3
792 3
793 11
794 6
795 7
796 0
797 8
798 10
799 11
800 3
801 8
802 1
803 1
804 3
805 7
806 5
807 3
808 2
809 7
810 5
811 4
812 1
813 4
814 4
815 6
816 2
817 11
818 1
819 5
820 4
821 8
822 5
823 2
824 1
825 11
826 6
827 2
828 0
829 13
830 3
831 8
832 1
833 7
834 3
835 2
836 10
837 6
838 8
839 7
840 4
841 10
842 3
843 2
844 4
845 2
846 6
847 6
848 6
849 11
850 3
851 5
852 5
853 6
854 6
855 5
856 3
857 12
858 5
859 2
860 4
861 4
862 4
863 10
864 5
865 12
866 3
867 2
868 4
869 4
870 6
871 4
872 8
873 6
874 3
875 9
876 2
877 11
878 6
879 8
880 2
881 7
882 0
883 6
884 4
885 4
886 4
887 2
888 3
889 8
890 3
891 4
892 0
893 9
894 4
895 6
896 4
897 9
898 3
899 3
900 3
901 7
902 1
903 5
904 4
905 7
906 6
907 0
908 4
909 8
910 4
911 11
912 2
913 9
914 1
915 4
916 4
917 7
918 1
919 7
920 3
921 10
922 2
923 5
924 1
925 9
926 5
927 5
928 1
929 12
930 0
931 2
932 6
933 2
934 10
935 4
936 2
937 11
938 0
939 3
940 3
941 7
942 6
943 11
944 2
945 10
946 3
947 4
948 2
949 8
950 4
951 2
952 2
953 4
954 4
955 7
956 4
957 10
958 3
959 8
960 3
961 12
962 3
963 5
964 1
965 9
966 4
967 6
968 4
969 5
970 7
971 2
972 2
973 5
974 11
975 5
976 3
977 10
978 1
979 2
980 2
981 9
982 0
983 7
984 2
985 10
986 4
987 3
988 1
989 7
990 7
991 11
992 1
993 11
994 3
995 4
996 5
997 12
998 1
999 6
1000 3
1001 7
1002 3
1003 1
1004 2
1005 8
1006 7
1007 9
1008 1
1009 6
1010 2
1011 2
1012 4
1013 4
1014 4
1015 5
1016 2
1017 5
1018 8
1019 3
1020 2
1021 8
1022 6
1023 10
1024 2
1025 22
1026 11
1027 10
1028 12
1029 23
1030 15
1031 14
1032 9
1033 18
1034 11
1035 7
1036 10
1037 20
1038 6
1039 19
1040 9
1041 17
1042 6
1043 11
1044 5
1045 14
1046 12
1047 9
1048 12
1049 24
1050 10
1051 10
1052 7
1053 15
1054 9
1055 7
1056 9
1057 16
1058 11
1059 6
1060 6
1061 14
1062 9
1063 8
1064 7
1065 13
1066 8
1067 7
1068 3
1069 11
1070 7
1071 11
1072 5
1073 24
1074 6
1075 13
1076 5
1077 10
1078 6
1079 20
1080 10
1081 21
1082 9
1083 11
1084 4
1085 17
1086 9
1087 12
1088 6
1089 14
1090 7
1091 9
1092 7
1093 12
1094 11
1095 20
1096 7
1097 18
1098 7
1099 13
1100 12
1101 13
1102 9
1103 13
1104 10
1105 13
1106 11
1107 9
1108 5
1109 11
1110 7
1111 16
1112 7
1113 24
1114 13
1115 11
1116 8
1117 21
1118 7
1119 24
1120 11
1121 23
1122 8
1123 10
1124 9
1125 16
1126 5
1127 7
1128 3
1129 9
1130 10
1131 12
1132 9
1133 23
1134 10
1135 13
1136 5
1137 23
1138 7
1139 13
1140 2
1141 14
1142 14
1143 6
1144 10
1145 19
1146 11
1147 12
1148 8
1149 14
1150 8
1151 24
1152 7
1153 20
1154 4
1155 9
1156 6
1157 15
1158 13
1159 9
1160 2
1161 22
1162 7
1163 9
1164 8
1165 18
1166 12
1167 13
1168 6
1169 20
1170 6
1171 11
1172 12
1173 13
1174 9
1175 5
1176 4
1177 18
1178 8
1179 15
1180 3
1181 17
1182 13
1183 12
1184 2
1185 20
1186 3
1187 9
1188 8
1189 16
1190 14
1191 14
1192 10
1193 14
1194 8
1195 9
1196 6
1197 17
1198 8
1199 10
1200 2
1201 18
1202 7
1203 6
1204 1
1205 13
1206 16
1207 6
1208 11
1209 18
1210 8
1211 7
1212 9
1213 13
1214 7
1215 14
1216 4
1217 14
1218 8
1219 6
1220 14
1221 19
1222 11
1223 6
1224 7
1225 20
1226 6
1227 9
1228 5
1229 17
1230 5
1231 14
1232 5
1233 21
1234 5
1235 15
1236 5
1237 16
1238 9
1239 14
1240 8
1241 17
1242 12
1243 7
1244 11
1245 20
1246 7
1247 13
1248 7
1249 26
1250 3
1251 8
1252 8
1253 13
1254 8
1255 7
1256 3
1257 14
1258 6
1259 10
1260 11
1261 23
1262 13
1263 13
1264 5
1265 17
1266 7
1267 5
1268 6
1269 20
1270 14
1271 12
1272 6
1273 11
1274 9
1275 5
1276 8
1277 18
1278 10
1279 14
1280 7
1281 14
1282 4
1283 4
1284 7
1285 12
1286 5
1287 10
1288 3
1289 19
1290 7
1291 7
1292 3
1293 6
1294 8
1295 11
1296 3
1297 19
1298 4
1299 7
1300 8
1301 9
1302 7
1303 7
1304 3
1305 17
1306 4
1307 9
1308 4
1309 12
1310 7
1311 16
1312 10
1313 20
1314 3
1315 7
1316 9
1317 9
1318 10
1319 12
1320 6
1321 12
1322 9
1323 7
1324 5
1325 17
1326 11
1327 7
1328 6
1329 17
1330 6
1331 11
1332 9
1333 5
1334 8
1335 11
1336 10
1337 9
1338 7
1339 6
1340 4
1341 25
1342 6
1343 13
1344 10
1345 16
1346 1
1347 7
1348 10
1349 19
1350 13
1351 9
1352 10
1353 13
1354 11
1355 15
1356 10
1357 17
1358 7
1359 15
1360 6
1361 18
1362 2
1363 8
1364 6
1365 16
1366 15
1367 11
1368 5
1369 18
1370 4
1371 7
1372 12
1373 13
1374 13
1375 10
1376 6
1377 20
1378 7
1379 5
1380 8
1381 10
1382 7
1383 8
1384 9
1385 16
1386 12
1387 6
1388 10
1389 7
1390 8
1391 11
1392 3
1393 13
1394 5
1395 9
1396 4
1397 11
1398 6
1399 6
1400 6
1401 9
1402 5
1403 8
1404 10
1405 12
1406 7
1407 8
1408 4
1409 8
1410 2
1411 4
1412 8
1413 7
1414 5
1415 3
1416 6
1417 14
1418 9
1419 1
1420 2
1421 9
1422 4
1423 12
1424 2
1425 6
1426 2
1427 9
1428 8
1429 9
1430 5
1431 2
1432 0
1433 6
1434 8
1435 5
1436 5
1437 11
1438 2
1439 7
1440 2
1441 12
1442 5
1443 6
1444 2
1445 8
1446 9
1447 3
1448 3
1449 11
1450 7
1451 5
1452 2
1453 7
1454 8
1455 5
1456 5
1457 11
1458 3
1459 5
1460 2
1461 8
1462 9
1463 4
1464 4
1465 13
1466 7
1467 3
1468 6
1469 8
1470 10
1471 9
1472 5
1473 14
1474 2
1475 2
1476 1
1477 6
1478 4
1479 3
1480 4
1481 14
1482 6
1483 4
1484 6
1485 9
1486 9
1487 3
1488 3
1489 10
1490 5
1491 4
1492 4
1493 11
1494 8
1495 6
1496 7
1497 6
1498 5
1499 4
1500 9
1501 8
1502 5
1503 5
1504 5
1505 11
1506 4
1507 8
1508 4
1509 12
1510 8
1511 4
1512 2
1513 15
1514 4
1515 4
1516 7
1517 8
1518 5
1519 11
1520 2
1521 13
1522 2
1523 5
1524 10
1525 7
1526 4
1527 7
1528 4
1529 9
1530 0
1531 2
1532 3
1533 11
1534 4
1535 5
1536 2
1537 7
1538 2
1539 3
1540 7
1541 5
1542 2
1543 3
1544 3
1545 5
1546 3
1547 4
1548 1
1549 7
1550 4
1551 3
1552 2
1553 9
1554 0
1555 1
1556 1
1557 1
1558 3
1559 3
1560 0
1561 6
1562 3
1563 3
1564 2
1565 4
1566 2
1567 4
1568 1
1569 9
1570 4
1571 4
1572 6
1573 5
1574 2
1575 2
1576 1
1577 2
1578 2
1579 2
1580 2
1581 6
1582 4
1583 9
1584 1
1585 9
1586 2
1587 2
1588 2
1589 7
1590 3
1591 2
1592 2
1593 4
1594 3
1595 3
1596 2
1597 5
1598 4
1599 5
1600 4
1601 10
1602 3
1603 1
1604 1
1605 6
1606 1
1607 3
1608 4
1609 11
1610 8
1611 5
1612 2
1613 5
1614 6
1615 8
1616 4
1617 6
1618 1
1619 1
1620 4
1621 3
1622 6
1623 7
1624 4
1625 7
1626 5
1627 3
1628 3
1629 4
1630 4
1631 10
1632 1
1633 9
1634 2
1635 3
1636 8
1637 3
1638 3
1639 2
1640 2
1641 10
1642 3
1643 3
1644 3
1645 11
1646 6
1647 7
1648 4
1649 12
1650 1
1651 6
1652 2
1653 9
1654 3
1655 2
1656 5
1657 4
1658 3
1659 4
1660 3
1661 7
1662 6
1663 4
1664 0
1665 13
1666 0
1667 3
1668 4
1669 6
1670 4
1671 5
1672 3
1673 6
1674 4
1675 4
1676 1
1677 3
1678 4
1679 10
1680 2
1681 10
1682 3
1683 2
1684 0
1685 7
1686 5
1687 5
1688 3
1689 9
1690 2
1691 2
1692 5
1693 7
1694 3
1695 7
1696 4
1697 5
1698 0
1699 4
1700 4
1701 8
1702 0
1703 3
1704 1
1705 8
1706 5
1707 2
1708 1
1709 12
1710 7
1711 6
1712 1
1713 7
1714 0
1715 6
1716 3
1717 4
1718 4
1719 2
1720 2
1721 5
1722 4
1723 2
1724 4
1725 13
1726 3
1727 5
1728 1
1729 9
1730 2
1731 4
1732 1
1733 7
1734 5
1735 4
1736 4
1737 4
1738 3
1739 6
1740 1
1741 4
1742 5
1743 4
1744 0
1745 11
1746 1
1747 5
1748 6
1749 6
1750 5
1751 1
1752 1
1753 9
1754 4
1755 2
1756 3
1757 5
1758 2
1759 7
1760 0
1761 10
1762 1
1763 5
1764 3
1765 7
1766 8
1767 7
1768 2
1769 6
1770 5
1771 4
1772 3
1773 7
1774 4
1775 7
1776 4
1777 8
1778 1
1779 2
1780 4
1781 9
1782 3
1783 1
1784 5
1785 7
1786 1
1787 3
1788 4
1789 12
1790 4
1791 5
1792 0
1793 4
1794 5
1795 2
1796 2
1797 6
1798 3
1799 2
1800 3
1801 7
1802 2
1803 3
1804 3
1805 11
1806 3
1807 6
1808 4
1809 13
1810 2
1811 4
1812 2
1813 7
1814 6
1815 2
1816 3
1817 10
1818 3
1819 3
1820 2
1821 8
1822 4
1823 5
1824 1
1825 8
1826 0
1827 3
1828 0
1829 11
1830 2
1831 2
1832 3
1833 9
1834 4
1835 5
1836 1
1837 8
1838 8
1839 12
1840 0
1841 4
1842 3
1843 3
1844 1
1845 2
1846 3
1847 3
1848 1
1849 11
1850 4
1851 3
1852 2
1853 7
1854 2
1855 4
1856 6
1857 11
1858 1
1859 4
1860 5
1861 7
1862 2
1863 4
1864 6
1865 11
1866 3
1867 1
1868 2
1869 9
1870 3
1871 4
1872 1
1873 1
1874 2
1875 4
1876 3
1877 6
1878 3
1879 5
1880 2
1881 4
1882 4
1883 4
1884 3
1885 7
1886 3
1887 3
1888 1
1889 6
1890 2
1891 0
1892 0
1893 5
1894 1
1895 2
1896 0
1897 6
1898 4
1899 3
1900 0
1901 6
1902 0
1903 7
1904 1
1905 9
1906 0
1907 4
1908 4
1909 6
1910 4
1911 0
1912 5
1913 8
1914 3
1915 1
1916 2
1917 2
1918 5
1919 8
1920 3
1921 7
1922 0
1923 2
1924 5
1925 6
1926 4
1927 4
1928 2
1929 7
1930 2
1931 5
1932 1
1933 5
1934 2
1935 3
1936 0
1937 6
1938 1
1939 0
1940 3
1941 3
1942 1
1943 3
1944 0
1945 6
1946 1
1947 3
1948 2
1949 6
1950 2
1951 7
1952 2
1953 11
1954 2
1955 3
1956 3
1957 8
1958 4
1959 4
1960 2
1961 7
1962 6
1963 2
1964 4
1965 6
1966 7
1967 8
1968 1
1969 9
1970 1
1971 4
1972 7
1973 8
1974 4
1975 6
1976 2
1977 4
1978 5
1979 2
1980 3
1981 7
1982 1
1983 6
1984 1
1985 8
1986 2
1987 5
1988 2
1989 7
1990 5
1991 1
1992 4
1993 4
1994 2
1995 4
1996 3
1997 4
1998 6
1999 3
2000 0
2001 7
2002 1
2003 0
2004 1
2005 7
2006 5
2007 3
2008 3
2009 6
2010 3
2011 2
2012 2
2013 8
2014 4
2015 5
2016 1
2017 10
2018 3
2019 4
2020 3
2021 6
2022 3
2023 5
2024 2
2025 7
2026 3
2027 5
2028 1
2029 6
2030 4
2031 12
2032 1
2033 8
2034 1
2035 2
2036 3
2037 13
2038 7
2039 3
2040 2
2041 7
2042 1
2043 2
2044 4
2045 4
2046 3
2047 7
2048 9
2049 15
2050 5
2051 4
2052 7
2053 10
2054 8
2055 16
2056 12
2057 12
2058 7
2059 9
2060 6
2061 9
2062 9
2063 9
2064 8
2065 10
2066 3
2067 12
2068 5
2069 10
2070 12
2071 9
2072 4
2073 18
2074 2
2075 4
2076 7
2077 15
2078 14
2079 17
2080 5
2081 14
2082 5
2083 4
2084 4
2085 10
2086 15
2087 5
2088 6
2089 13
2090 6
2091 3
2092 4
2093 15
2094 16
2095 20
2096 3
2097 9
2098 4
2099 4
2100 6
2101 8
2102 7
2103 4
2104 1
2105 9
2106 3
2107 7
2108 2
2109 5
2110 9
2111 12
2112 8
2113 16
2114 11
2115 9
2116 6
2117 11
2118 8
2119 11
2120 14
2121 13
2122 8
2123 10
2124 14
2125 13
2126 12
2127 10
2128 6
2129 22
2130 5
2131 2
2132 9
2133 10
2134 11
2135 9
2136 10
2137 11
2138 8
2139 7
2140 3
2141 9
2142 7
2143 12
2144 7
2145 12
2146 3
2147 9
2148 3
2149 14
2150 8
2151 5
2152 9
2153 14
2154 8
2155 6
2156 10
2157 12
2158 10
2159 20
2160 5
2161 13
2162 8
2163 15
2164 8
2165 14
2166 9
2167 3
2168 10
2169 18
2170 8
2171 5
2172 3
2173 14
2174 13
2175 14
2176 7
2177 16
2178 5
2179 10
2180 9
2181 9
2182 15
2183 4
2184 10
2185 17
2186 7
2187 4
2188 5
2189 11
2190 9
2191 14
2192 12
2193 16
2194 1
2195 7
2196 14
2197 17
2198 5
2199 4
2200 6
2201 9
2202 6
2203 3
2204 7
2205 11
2206 8
2207 16
2208 4
2209 15
2210 7
2211 7
2212 6
2213 10
2214 8
2215 3
2216 7
2217 18
2218 8
2219 7
2220 7
2221 9
2222 2
2223 12
2224 4
2225 8
2226 9
2227 9
2228 6
2229 12
2230 10
2231 6
2232 9
2233 16
2234 10
2235 15
2236 6
2237 7
2238 7
2239 11
2240 12
2241 13
2242 7
2243 9
2244 6
2245 14
2246 7
2247 8
2248 9
2249 20
2250 9
2251 11
2252 7
2253 20
2254 14
2255 11
2256 8
2257 16
2258 7
2259 6
2260 8
2261 11
2262 8
2263 9
2264 6
2265 16
2266 6
2267 10
2268 6
2269 12
2270 5
2271 12
2272 12
2273 20
2274 3
2275 6
2276 7
2277 9
2278 3
2279 10
2280 8
2281 16
2282 5
2283 10
2284 8
2285 9
2286 6
2287 13
2288 6
2289 11
2290 5
2291 6
2292 9
2293 13
2294 8
2295 7
2296 4
2297 15
2298 5
2299 18
2300 9
2301 11
2302 9
2303 11
2304 5
2305 17
2306 10
2307 2
2308 11
2309 14
2310 8
2311 6
2312 4
2313 12
2314 6
2315 7
2316 10
2317 12
2318 4
2319 12
2320 4
2321 15
2322 5
2323 9
2324 6
2325 16
2326 5
2327 7
2328 9
2329 7
2330 4
2331 6
2332 4
2333 17
2334 5
2335 17
2336 3
2337 11
2338 1
2339 3
2340 6
2341 15
2342 10
2343 6
2344 12
2345 12
2346 14
2347 5
2348 7
2349 10
2350 11
2351 9
2352 8
2353 10
2354 5
2355 7
2356 4
2357 10
2358 5
2359 8
2360 7
2361 11
2362 2
2363 18
2364 4
2365 13
2366 5
2367 7
2368 7
2369 13
2370 6
2371 8
2372 7
2373 11
2374 8
2375 8
2376 10
2377 16
2378 7
2379 4
2380 6
2381 18
2382 8
2383 9
2384 1
2385 14
2386 2
2387 5
2388 5
2389 8
2390 6
2391 12
2392 4
2393 18
2394 6
2395 6
2396 8
2397 8
2398 14
2399 13
2400 4
2401 18
2402 7
2403 11
2404 6
2405 13
2406 4
2407 14
2408 4
2409 13
2410 7
2411 5
2412 5
2413 9
2414 11
2415 10
2416 9
2417 15
2418 2
2419 6
2420 9
2421 14
2422 3
2423 9
2424 7
2425 20
2426 5
2427 6
2428 7
2429 11
2430 8
2431 10
2432 4
2433 12
2434 4
2435 6
2436 10
2437 14
2438 8
2439 9
2440 9
2441 15
2442 9
2443 5
2444 9
2445 14
2446 6
2447 9
2448 4
2449 14
2450 4
2451 4
2452 4
2453 16
2454 5
2455 7
2456 6
2457 11
2458 9
2459 10
2460 2
2461 11
2462 10
2463 11
2464 6
2465 16
2466 6
2467 7
2468 5
2469 6
2470 6
2471 8
2472 8
2473 12
2474 13
2475 8
2476 5
2477 12
2478 6
2479 11
2480 4
2481 10
2482 4
2483 3
2484 13
2485 11
2486 6
2487 11
2488 7
2489 15
2490 7
2491 3
2492 7
2493 11
2494 10
2495 3
2496 4
2497 10
2498 1
2499 8
2500 6
2501 17
2502 10
2503 8
2504 4
2505 14
2506 10
2507 11
2508 8
2509 9
2510 8
2511 16
2512 11
2513 14
2514 2
2515 7
2516 6
2517 12
2518 8
2519 9
2520 3
2521 6
2522 7
2523 3
2524 7
2525 13
2526 13
2527 10
2528 4
2529 13
2530 4
2531 9
2532 9
2533 11
2534 8
2535 12
2536 6
2537 16
2538 7
2539 11
2540 6
2541 8
2542 9
2543 7
2544 3
2545 11
2546 2
2547 9
2548 9
2549 9
2550 9
2551 10
2552 4
2553 9
2554 9
2555 9
2556 3
2557 10
2558 5
2559 12
2560 2
2561 8
2562 4
2563 4
2564 7
2565 12
2566 3
2567 4
2568 5
2569 8
2570 5
2571 3
2572 5
2573 12
2574 10
2575 11
2576 2
2577 13
2578 7
2579 9
2580 6
2581 9
2582 13
2583 7
2584 4
2585 9
2586 7
2587 7
2588 4
2589 11
2590 7
2591 5
2592 6
2593 13
2594 4
2595 6
2596 6
2597 9
2598 4
2599 1
2600 3
2601 11
2602 9
2603 3
2604 2
2605 8
2606 7
2607 10
2608 7
2609 17
2610 5
2611 8
2612 5
2613 9
2614 4
2615 6
2616 4
2617 10
2618 6
2619 5
2620 4
2621 11
2622 11
2623 16
2624 2
2625 17
2626 2
2627 5
2628 6
2629 7
2630 13
2631 5
2632 4
2633 17
2634 6
2635 6
2636 10
2637 6
2638 3
2639 6
2640 5
2641 13
2642 2
2643 5
2644 3
2645 7
2646 5
2647 6
2648 7
2649 15
2650 6
2651 3
2652 5
2653 11
2654 8
2655 8
2656 6
2657 16
2658 0
2659 11
2660 8
2661 5
2662 4
2663 7
2664 7
2665 7
2666 6
2667 7
2668 12
2669 11
2670 6
2671 11
2672 4
2673 15
2674 2
2675 8
2676 6
2677 15
2678 8
2679 12
2680 1
2681 12
2682 7
2683 6
2684 6
2685 14
2686 6
2687 15
2688 3
2689 15
2690 7
2691 7
2692 4
2693 4
2694 7
2695 5
2696 4
2697 10
2698 6
2699 15
2700 3
2701 11
2702 5
2703 6
2704 3
2705 14
2706 4
2707 2
2708 8
2709 11
2710 7
2711 6
2712 4
2713 8
2714 9
2715 5
2716 4
2717 8
2718 5
2719 8
2720 3
2721 12
2722 3
2723 5
2724 7
2725 12
2726 4
2727 7
2728 2
2729 14
2730 4
2731 2
2732 1
2733 14
2734 4
2735 10
2736 3
2737 14
2738 4
2739 8
2740 16
2741 5
2742 6
2743 11
2744 5
2745 11
2746 2
2747 6
2748 5
2749 14
2750 8
2751 10
2752 5
2753 15
2754 5
2755 7
2756 11
2757 10
2758 7
2759 11
2760 4
2761 15
2762 6
2763 7
2764 2
2765 8
2766 9
2767 16
2768 6
2769 12
2770 4
2771 7
2772 6
2773 9
2774 7
2775 9
2776 1
2777 11
2778 8
2779 2
2780 4
2781 12
2782 7
2783 7
2784 10
2785 15
2786 3
2787 8
2788 5
2789 12
2790 5
2791 9
2792 6
2793 10
2794 5
2795 3
2796 3
2797 13
2798 9
2799 7
2800 6
2801 12
2802 8
2803 5
2804 2
2805 14
2806 5
2807 6
2808 3
2809 13
2810 11
2811 9
2812 5
2813 12
2814 9
2815 10
2816 2
2817 10
2818 1
2819 7
2820 4
2821 7
2822 4
2823 1
2824 0
2825 7
2826 1
2827 3
2828 4
2829 9
2830 3
2831 8
2832 5
2833 12
2834 2
2835 2
2836 2
2837 7
2838 4
2839 12
2840 0
2841 6
2842 4
2843 4
2844 3
2845 13
2846 5
2847 8
2848 2
2849 5
2850 2
2851 3
2852 4
2853 10
2854 3
2855 3
2856 2
2857 6
2858 7
2859 3
2860 4
2861 10
2862 4
2863 7
2864 2
2865 6
2866 3
2867 5
2868 5
2869 10
2870 8
2871 3
2872 3
2873 11
2874 7
2875 4
2876 4
2877 12
2878 7
2879 10
2880 2
2881 12
2882 1
2883 8
2884 7
2885 9
2886 5
2887 3
2888 8
2889 9
2890 2
2891 5
2892 11
2893 11
2894 3
2895 10
2896 4
2897 12
2898 0
2899 2
2900 7
2901 9
2902 5
2903 2
2904 5
2905 9
2906 3
2907 5
2908 6
2909 7
2910 6
2911 5
2912 2
2913 16
2914 1
2915 4
2916 7
2917 6
2918 0
2919 4
2920 3
2921 12
2922 7
2923 1
2924 3
2925 9
2926 4
2927 4
2928 5
2929 8
2930 4
2931 3
2932 7
2933 8
2934 8
2935 7
2936 3
2937 8
2938 2
2939 2
2940 1
2941 12
2942 8
2943 9
2944 4
2945 10
2946 2
2947 5
2948 5
2949 6
2950 4
2951 7
2952 3
2953 5
2954 3
2955 3
2956 1
2957 8
2958 5
2959 6
2960 5
2961 8
2962 2
2963 6
2964 4
2965 6
2966 3
2967 5
2968 1
2969 7
2970 3
2971 2
2972 2
2973 12
2974 3
2975 7
2976 3
2977 6
2978 3
2979 3
2980 2
2981 6
2982 3
2983 3
2984 2
2985 9
2986 4
2987 6
2988 3
2989 12
2990 5
2991 5
2992 3
2993 7
2994 3
2995 6
2996 5
2997 9
2998 4
2999 1
3000 6
3001 7
3002 6
3003 5
3004 6
3005 13
3006 6
3007 6
3008 2
3009 7
3010 3
3011 5
3012 3
3013 5
3014 3
3015 5
3016 2
3017 6
3018 4
3019 3
3020 3
3021 11
3022 7
3023 5
3024 2
3025 4
3026 3
3027 1
3028 3
3029 3
3030 2
3031 2
3032 3
3033 6
3034 1
3035 0
3036 2
3037 9
3038 8
3039 7
3040 2
3041 14
3042 1
3043 2
3044 4
3045 8
3046 9
3047 2
3048 5
3049 5
3050 7
3051 2
3052 1
3053 4
3054 5
3055 6
3056 3
3057 8
3058 3
3059 2
3060 4
3061 8
3062 3
3063 4
3064 1
3065 6
3066 3
3067 4
3068 3
3069 6
3070 3
3071 6
3072 4
3073 4
3074 2
3075 1
3076 0
3077 6
3078 1
3079 5
3080 2
3081 4
3082 0
3083 2
3084 2
3085 9
3086 3
3087 6
3088 0
3089 10
3090 3
3091 1
3092 3
3093 5
3094 2
3095 4
3096 6
3097 6
3098 2
3099 1
3100 2
3101 6
3102 2
3103 4
3104 3
3105 6
3106 1
3107 0
3108 0
3109 4
3110 4
3111 1
3112 2
3113 3
3114 3
3115 1
3116 1
3117 6
3118 4
3119 7
3120 0
3121 8
3122 2
3123 3
3124 5
3125 11
3126 4
3127 3
3128 2
3129 5
3130 1
3131 3
3132 2
3133 7
3134 1
3135 4
3136 1
3137 6
3138 0
3139 1
3140 1
3141 4
3142 2
3143 1
3144 0
3145 5
3146 5
3147 2
3148 1
3149 10
3150 5
3151 3
3152 1
3153 8
3154 2
3155 2
3156 1
3157 4
3158 2
3159 3
3160 0
3161 13
3162 1
3163 1
3164 2
3165 6
3166 6
3167 4
3168 2
3169 11
3170 1
3171 1
3172 2
3173 6
3174 4
3175 1
3176 2
3177 3
3178 3
3179 1
3180 2
3181 5
3182 1
3183 7
3184 3
3185 15
3186 2
3187 2
3188 0
3189 2
3190 2
3191 0
3192 2
3193 7
3194 3
3195 2
3196 1
3197 4
3198 4
3199 3
3200 1
3201 6
3202 0
3203 1
3204 2
3205 8
3206 2
3207 5
3208 0
3209 7
3210 3
3211 0
3212 1
3213 3
3214 3
3215 6
3216 3
3217 6
3218 2
3219 2
3220 4
3221 5
3222 5
3223 2
3224 2
3225 5
3226 0
3227 0
3228 2
3229 9
3230 1
3231 4
3232 0
3233 6
3234 0
3235 2
3236 2
3237 8
3238 1
3239 1
3240 3
3241 5
3242 1
3243 0
3244 1
3245 8
3246 4
3247 4
3248 1
3249 8
3250 1
3251 2
3252 2
3253 4
3254 1
3255 0
3256 1
3257 6
3258 3
3259 0
3260 2
3261 4
3262 1
3263 7
3264 1
3265 6
3266 0
3267 0
3268 5
3269 2
3270 3
3271 1
3272 3
3273 6
3274 2
3275 0
3276 1
3277 1
3278 1
3279 11
3280 0
3281 6
3282 0
3283 3
3284 2
3285 5
3286 3
3287 1
3288 2
3289 4
3290 3
3291 2
3292 4
3293 6
3294 1
3295 4
3296 2
3297 15
3298 1
3299 0
3300 2
3301 5
3302 1
3303 2
3304 3
3305 4
3306 0
3307 2
3308 4
3309 2
3310 0
3311 7
3312 0
3313 5
3314 2
3315 0
3316 3
3317 5
3318 4
3319 2
3320 0
3321 2
3322 2
3323 2
3324 0
3325 9
3326 3
3327 4
3328 1
3329 8
3330 0
3331 7
3332 4
3333 5
3334 5
3335 4
3336 1
3337 4
3338 3
3339 2
3340 1
3341 4
3342 2
3343 11
3344 1
3345 9
3346 2
3347 2
3348 1
3349 4
3350 2
3351 3
3352 0
3353 9
3354 1
3355 0
3356 1
3357 6
3358 4
3359 2
3360 1
3361 7
3362 0
3363 3
3364 9
3365 5
3366 4
3367 3
3368 1
3369 10
3370 3
3371 5
3372 4
3373 9
3374 5
3375 7
3376 0
3377 5
3378 0
3379 1
3380 3
3381 5
3382 2
3383 3
3384 0
3385 6
3386 2
3387 0
3388 2
3389 11
3390 0
3391 2
3392 0
3393 12
3394 1
3395 2
3396 2
3397 5
3398 3
3399 3
3400 3
3401 4
3402 3
3403 0
3404 1
3405 5
3406 2
3407 1
3408 1
3409 5
3410 0
3411 1
3412 9
3413 3
3414 2
3415 2
3416 2
3417 3
3418 3
3419 0
3420 1
3421 2
3422 2
3423 8
3424 2
3425 4
3426 1
3427 2
3428 2
3429 5
3430 1
3431 1
3432 2
3433 6
3434 4
3435 2
3436 1
3437 10
3438 2
3439 5
3440 1
3441 4
3442 1
3443 2
3444 6
3445 8
3446 1
3447 2
3448 0
3449 14
3450 3
3451 0
3452 2
3453 2
3454 0
3455 4
3456 1
3457 8
3458 1
3459 3
3460 3
3461 4
3462 3
3463 3
3464 2
3465 8
3466 4
3467 1
3468 1
3469 5
3470 1
3471 8
3472 1
3473 5
3474 2
3475 1
3476 4
3477 4
3478 3
3479 0
3480 2
3481 7
3482 1
3483 4
3484 0
3485 3
3486 2
3487 4
3488 0
3489 6
3490 0
3491 1
3492 4
3493 3
3494 3
3495 4
3496 2
3497 5
3498 1
3499 1
3500 1
3501 6
3502 1
3503 8
3504 0
3505 4
3506 1
3507 1
3508 4
3509 6
3510 1
3511 0
3512 2
3513 4
3514 5
3515 2
3516 3
3517 6
3518 6
3519 9
3520 1
3521 3
3522 0
3523 0
3524 0
3525 6
3526 2
3527 1
3528 2
3529 2
3530 1
3531 4
3532 0
3533 5
3534 2
3535 8
3536 1
3537 6
3538 1
3539 2
3540 3
3541 3
3542 2
3543 2
3544 0
3545 4
3546 2
3547 1
3548 1
3549 6
3550 0
3551 4
3552 0
3553 7
3554 0
3555 3
3556 4
3557 4
3558 5
3559 3
3560 2
3561 4
3562 5
3563 0
3564 2
3565 2
3566 2
3567 3
3568 0
3569 11
3570 2
3571 2
3572 4
3573 7
3574 2
3575 1
3576 2
3577 4
3578 1
3579 2
3580 2
3581 2
3582 2
3583 3
3584 0
3585 9
3586 0
3587 2
3588 3
3589 5
3590 1
3591 0
3592 1
3593 6
3594 2
3595 1
3596 3
3597 6
3598 2
3599 2
3600 0
3601 3
3602 1
3603 1
3604 3
3605 2
3606 5
3607 1
3608 1
3609 5
3610 7
3611 3
3612 1
3613 6
3614 1
3615 2
3616 3
3617 3
3618 1
3619 0
3620 4
3621 11
3622 1
3623 1
3624 1
3625 5
3626 5
3627 2
3628 0
3629 10
3630 3
3631 4
3632 2
3633 4
3634 0
3635 3
3636 3
3637 4
3638 2
3639 2
3640 0
3641 7
3642 4
3643 0
3644 0
3645 8
3646 4
3647 9
3648 0
3649 3
3650 2
3651 4
3652 3
3653 5
3654 0
3655 0
3656 1
3657 6
3658 1
3659 1
3660 1
3661 10
3662 1
3663 5
3664 1
3665 5
3666 1
3667 2
3668 3
3669 2
3670 1
3671 2
3672 5
3673 3
3674 2
3675 1
3676 4
3677 5
3678 0
3679 5
3680 0
3681 10
3682 0
3683 2
3684 4
3685 5
3686 2
3687 2
3688 1
3689 3
3690 0
3691 2
3692 1
3693 3
3694 2
3695 7
3696 2
3697 3
3698 1
3699 0
3700 2
3701 4
3702 2
3703 2
3704 0
3705 7
3706 1
3707 4
3708 2
3709 4
3710 2
3711 6
3712 4
3713 4
3714 0
3715 1
3716 2
3717 10
3718 4
3719 2
3720 3
3721 4
3722 2
3723 1
3724 1
3725 6
3726 2
3727 3
3728 1
3729 2
3730 0
3731 2
3732 1
3733 6
3734 1
3735 2
3736 0
3737 10
3738 1
3739 2
3740 2
3741 4
3742 1
3743 6
3744 1
3745 4
3746 0
3747 3
3748 2
3749 2
3750 4
3751 4
3752 0
3753 4
3754 1
3755 2
3756 1
3757 6
3758 3
3759 4
3760 2
3761 10
3762 0
3763 3
3764 4
3765 5
3766 1
3767 2
3768 1
3769 2
3770 0
3771 2
3772 2
3773 9
3774 0
3775 3
3776 3
3777 5
3778 1
3779 2
3780 5
3781 4
3782 1
3783 1
3784 0
3785 3
3786 0
3787 2
3788 0
3789 8
3790 3
3791 3
3792 1
3793 8
3794 1
3795 1
3796 1
3797 5
3798 2
3799 2
3800 0
3801 5
3802 3
3803 2
3804 1
3805 4
3806 2
3807 5
3808 3
3809 5
3810 2
3811 2
3812 3
3813 2
3814 2
3815 3
3816 1
3817 5
3818 1
3819 1
3820 1
3821 3
3822 1
3823 6
3824 0
3825 5
3826 1
3827 2
3828 2
3829 5
3830 3
3831 4
3832 2
3833 6
3834 1
3835 0
3836 0
3837 7
3838 1
3839 6
3840 1
3841 8
3842 0
3843 1
3844 2
3845 7
3846 0
3847 1
3848 0
3849 3
3850 5
3851 2
3852 0
3853 7
3854 0
3855 4
3856 3
3857 6
3858 1
3859 1
3860 1
3861 4
3862 4
3863 1
3864 0
3865 4
3866 3
3867 3
3868 0
3869 2
3870 1
3871 5
3872 0
3873 8
3874 1
3875 0
3876 6
3877 3
3878 6
3879 2
3880 0
3881 3
3882 0
3883 3
3884 2
3885 2
3886 1
3887 6
3888 0
3889 2
3890 0
3891 1
3892 2
3893 4
3894 3
3895 3
3896 0
3897 3
3898 2
3899 1
3900 0
3901 9
3902 5
3903 4
3904 1
3905 3
3906 0
3907 1
3908 2
3909 3
3910 1
3911 4
3912 1
3913 8
3914 2
3915 1
3916 1
3917 2
3918 3
3919 4
3920 1
3921 5
3922 0
3923 1
3924 2
3925 8
3926 4
3927 1
3928 1
3929 7
3930 3
3931 1
3932 4
3933 5
3934 3
3935 6
3936 1
3937 6
3938 0
3939 1
3940 1
3941 4
3942 5
3943 3
3944 1
3945 11
3946 2
3947 1
3948 6
3949 7
3950 2
3951 5
3952 0
3953 5
3954 0
3955 1
3956 3
3957 4
3958 2
3959 4
3960 2
3961 3
3962 2
3963 0
3964 0
3965 8
3966 0
3967 5
3968 1
3969 6
3970 1
3971 1
3972 8
3973 7
3974 3
3975 2
3976 1
3977 10
3978 2
3979 3
3980 2
3981 6
3982 2
3983 4
3984 0
3985 10
3986 0
3987 0
3988 1
3989 7
3990 0
3991 3
3992 2
3993 10
3994 6
3995 2
3996 4
3997 5
3998 3
3999 4
4000 1
4001 2
4002 0
4003 3
4004 3
4005 3
4006 3
4007 4
4008 1
4009 2
4010 3
4011 0
4012 0
4013 9
4014 2
4015 3
4016 0
4017 4
4018 1
4019 2
4020 9
4021 4
4022 1
4023 4
4024 1
4025 2
4026 3
4027 4
4028 0
4029 5
4030 1
4031 4
4032 0
4033 5
4034 1
4035 3
4036 1
4037 5
4038 3
4039 4
4040 2
4041 7
4042 3
4043 1
4044 0
4045 4
4046 2
4047 5
4048 2
4049 6
4050 1
4051 2
4052 4
4053 6
4054 2
4055 1
4056 1
4057 7
4058 3
4059 3
4060 1
4061 3
4062 4
4063 4
4064 1
4065 3
4066 0
4067 3
4068 4
4069 6
4070 4
4071 2
4072 1
4073 7
4074 3
4075 6
4076 3
4077 6
4078 4
4079 5
4080 2
4081 4
4082 0
4083 1
4084 2
4085 8
4086 1
4087 1
4088 2
4089 11
4090 1
4091 2
4092 1
4093 6
4094 1
4095 6
4096 2
4097 12
4098 2
4099 3
4100 6
4101 5
4102 6
4103 8
4104 5
4105 12
4106 6
4107 5
4108 6
4109 15
4110 6
4111 17
4112 4
4113 13
4114 2
4115 7
4116 3
4117 10
4118 6
4119 7
4120 5
4121 20
4122 6
4123 5
4124 5
4125 12
4126 4
4127 10
4128 5
4129 18
4130 1
4131 6
4132 5
4133 11
4134 6
4135 4
4136 5
4137 7
4138 2
4139 8
4140 3
4141 9
4142 5
4143 12
4144 2
4145 12
4146 6
4147 5
4148 7
4149 10
4150 8
4151 4
4152 5
4153 6
4154 5
4155 2
4156 5
4157 10
4158 3
4159 11
4160 3
4161 12
4162 4
4163 10
4164 3
4165 12
4166 4
4167 6
4168 7
4169 15
4170 6
4171 5
4172 5
4173 10
4174 6
4175 5
4176 4
4177 7
4178 4
4179 2
4180 8
4181 18
4182 3
4183 8
4184 10
4185 3
4186 3
4187 9
4188 5
4189 8
4190 4
4191 12
4192 5
4193 14
4194 3
4195 6
4196 6
4197 7
4198 5
4199 7
4200 5
4201 10
4202 6
4203 13
4204 4
4205 9
4206 10
4207 12
4208 2
4209 7
4210 3
4211 5
4212 6
4213 11
4214 3
4215 8
4216 8
4217 11
4218 5
4219 4
4220 4
4221 12
4222 4
4223 8
4224 5
4225 11
4226 1
4227 6
4228 9
4229 16
4230 3
4231 2
4232 5
4233 14
4234 6
4235 3
4236 6
4237 15
4238 3
4239 9
4240 9
4241 10
4242 2
4243 5
4244 6
4245 3
4246 2
4247 5
4248 4
4249 9
4250 3
4251 2
4252 3
4253 13
4254 5
4255 11
4256 5
4257 11
4258 1
4259 5
4260 10
4261 12
4262 3
4263 4
4264 9
4265 9
4266 8
4267 0
4268 0
4269 11
4270 5
4271 10
4272 4
4273 15
4274 1
4275 4
4276 9
4277 12
4278 9
4279 6
4280 1
4281 11
4282 4
4283 2
4284 4
4285 11
4286 2
4287 8
4288 3
4289 13
4290 1
4291 7
4292 7
4293 7
4294 4
4295 5
4296 6
4297 7
4298 10
4299 8
4300 3
4301 11
4302 6
4303 20
4304 5
4305 7
4306 2
4307 6
4308 5
4309 8
4310 9
4311 5
4312 5
4313 5
4314 4
4315 3
4316 4
4317 17
4318 3
4319 9
4320 3
4321 15
4322 1
4323 4
4324 8
4325 10
4326 6
4327 5
4328 4
4329 15
4330 6
4331 8
4332 3
4333 8
4334 13
4335 8
4336 6
4337 15
4338 2
4339 5
4340 6
4341 12
4342 5
4343 4
4344 7
4345 12
4346 3
4347 6
4348 5
4349 8
4350 5
4351 11
4352 4
4353 12
4354 2
4355 5
4356 4
4357 7
4358 6
4359 8
4360 4
4361 6
4362 5
4363 6
4364 3
4365 5
4366 9
4367 4
4368 2
4369 8
4370 2
4371 3
4372 6
4373 8
4374 8
4375 8
4376 9
4377 9
4378 2
4379 3
4380 4
4381 9
4382 8
4383 9
4384 3
4385 10
4386 2
4387 4
4388 8
4389 7
4390 5
4391 6
4392 3
4393 7
4394 5
4395 6
4396 7
4397 14
4398 7
4399 1
4400 4
4401 6
4402 4
4403 7
4404 7
4405 13
4406 5
4407 7
4408 10
4409 14
4410 3
4411 3
4412 4
4413 11
4414 8
4415 9
4416 7
4417 6
4418 4
4419 6
4420 6
4421 9
4422 7
4423 6
4424 6
4425 10
4426 3
4427 6
4428 4
4429 11
4430 6
4431 6
4432 0
4433 11
4434 4
4435 8
4436 9
4437 9
4438 6
4439 4
4440 4
4441 10
4442 11
4443 6
4444 2
4445 10
4446 8
4447 4
4448 2
4449 17
4450 2
4451 9
4452 8
4453 9
4454 5
4455 3
4456 7
4457 8
4458 7
4459 1
4460 6
4461 9
4462 9
4463 10
4464 5
4465 13
4466 2
4467 5
4468 4
4469 15
4470 8
4471 3
4472 1
4473 21
4474 5
4475 8
4476 3
4477 16
4478 10
4479 8
4480 3
4481 12
4482 1
4483 10
4484 5
4485 8
4486 13
4487 8
4488 7
4489 8
4490 9
4491 5
4492 6
4493 9
4494 6
4495 10
4496 2
4497 16
4498 1
4499 9
4500 7
4501 8
4502 9
4503 6
4504 4
4505 7
4506 5
4507 3
4508 2
4509 10
4510 5
4511 8
4512 4
4513 13
4514 2
4515 4
4516 8
4517 12
4518 4
4519 6
4520 3
4521 13
4522 5
4523 4
4524 6
4525 6
4526 6
4527 9
4528 4
4529 17
4530 2
4531 6
4532 10
4533 3
4534 9
4535 7
4536 5
4537 11
4538 6
4539 5
4540 3
4541 14
4542 9
4543 7
4544 7
4545 18
4546 1
4547 7
4548 6
4549 10
4550 4
4551 8
4552 4
4553 14
4554 8
4555 8
4556 2
4557 11
4558 8
4559 8
4560 8
4561 18
4562 2
4563 7
4564 8
4565 13
4566 7
4567 10
4568 2
4569 19
4570 4
4571 4
4572 7
4573 11
4574 8
4575 7
4576 3
4577 9
4578 5
4579 4
4580 6
4581 11
4582 3
4583 2
4584 5
4585 13
4586 8
4587 7
4588 2
4589 10
4590 6
4591 14
4592 5
4593 4
4594 3
4595 6
4596 4
4597 16
4598 11
4599 4
4600 4
4601 7
4602 3
4603 6
4604 5
4605 17
4606 6
4607 15
4608 3
4609 13
4610 1
4611 4
4612 7
4613 8
4614 2
4615 1
4616 3
4617 9
4618 5
4619 4
4620 1
4621 5
4622 1
4623 13
4624 2
4625 7
4626 3
4627 1
4628 7
4629 3
4630 9
4631 6
4632 3
4633 11
4634 4
4635 5
4636 0
4637 8
4638 6
4639 14
4640 2
4641 8
4642 3
4643 5
4644 3
4645 10
4646 5
4647 2
4648 3
4649 7
4650 5
4651 4
4652 5
4653 12
4654 7
4655 8
4656 5
4657 16
4658 2
4659 2
4660 8
4661 5
4662 8
4663 4
4664 3
4665 13
4666 2
4667 4
4668 8
4669 16
4670 9
4671 10
4672 3
4673 11
4674 0
4675 5
4676 6
4677 8
4678 2
4679 6
4680 5
4681 8
4682 6
4683 6
4684 1
4685 8
4686 6
4687 5
4688 1
4689 10
4690 2
4691 6
4692 1
4693 12
4694 5
4695 6
4696 4
4697 4
4698 3
4699 2
4700 5
4701 12
4702 6
4703 14
4704 1
4705 10
4706 4
4707 4
4708 7
4709 5
4710 1
4711 9
4712 1
4713 13
4714 1
4715 2
4716 2
4717 17
4718 2
4719 6
4720 5
4721 5
4722 2
4723 3
4724 4
4725 12
4726 3
4727 1
4728 7
4729 8
4730 4
4731 5
4732 6
4733 9
4734 6
4735 11
4736 0
4737 11
4738 1
4739 4
4740 6
4741 8
4742 7
4743 8
4744 5
4745 8
4746 5
4747 2
4748 2
4749 10
4750 4
4751 10
4752 4
4753 10
4754 2
4755 2
4756 6
4757 8
4758 1
4759 7
4760 12
4761 4
4762 6
4763 3
4764 4
4765 7
4766 7
4767 8
4768 3
4769 9
4770 1
4771 4
4772 2
4773 8
4774 11
4775 4
4776 6
4777 15
4778 5
4779 7
4780 3
4781 7
4782 6
4783 6
4784 3
4785 12
4786 2
4787 3
4788 6
4789 11
4790 3
4791 4
4792 7
4793 7
4794 6
4795 4
4796 1
4797 7
4798 4
4799 5
4800 7
4801 20
4802 4
4803 6
4804 8
4805 10
4806 3
4807 9
4808 4
4809 11
4810 2
4811 7
4812 2
4813 9
4814 6
4815 8
4816 1
4817 13
4818 3
4819 1
4820 5
4821 9
4822 3
4823 5
4824 3
4825 12
4826 4
4827 7
4828 6
4829 11
4830 5
4831 6
4832 3
4833 6
4834 4
4835 6
4836 6
4837 6
4838 5
4839 7
4840 3
4841 13
4842 2
4843 6
4844 5
4845 22
4846 3
4847 7
4848 2
4849 17
4850 3
4851 1
4852 7
4853 5
4854 9
4855 3
4856 4
4857 5
4858 7
4859 6
4860 2
4861 11
4862 4
4863 9
4864 5
4865 10
4866 2
4867 2
4868 6
4869 12
4870 3
4871 3
4872 5
4873 14
4874 3
4875 3
4876 6
4877 5
4878 4
4879 11
4880 1
4881 14
4882 0
4883 6
4884 7
4885 7
4886 5
4887 3
4888 3
4889 11
4890 7
4891 4
4892 6
4893 12
4894 6
4895 8
4896 1
4897 13
4898 3
4899 4
4900 4
4901 10
4902 7
4903 2
4904 4
4905 6
4906 9
4907 2
4908 6
4909 10
4910 5
4911 6
4912 4
4913 10
4914 2
4915 7
4916 9
4917 3
4918 6
4919 6
4920 4
4921 13
4922 8
4923 8
4924 6
4925 9
4926 3
4927 13
4928 2
4929 4
4930 4
4931 5
4932 2
4933 9
4934 5
4935 9
4936 3
4937 7
4938 3
4939 3
4940 3
4941 9
4942 11
4943 11
4944 0
4945 12
4946 0
4947 5
4948 9
4949 9
4950 3
4951 7
4952 6
4953 11
4954 2
4955 1
4956 5
4957 10
4958 5
4959 3
4960 4
4961 13
4962 1
4963 2
4964 5
4965 5
4966 5
4967 5
4968 6
4969 12
4970 5
4971 2
4972 1
4973 9
4974 3
4975 9
4976 7
4977 5
4978 4
4979 5
4980 10
4981 10
4982 5
4983 9
4984 1
4985 14
4986 5
4987 6
4988 4
4989 9
4990 9
4991 9
4992 2
4993 12
4994 6
4995 8
4996 4
4997 5
4998 4
4999 6
5000 6
5001 9
5002 8
5003 5
5004 2
5005 8
5006 4
5007 14
5008 3
5009 11
5010 2
5011 5
5012 6
5013 4
5014 6
5015 6
5016 4
5017 5
5018 8
5019 4
5020 5
5021 10
5022 5
5023 7
5024 8
5025 15
5026 2
5027 2
5028 6
5029 7
5030 6
5031 3
5032 6
5033 10
5034 5
5035 1
5036 3
5037 12
5038 7
5039 13
5040 4
5041 13
5042 2
5043 7
5044 7
5045 10
5046 5
5047 4
5048 4
5049 7
5050 4
5051 5
5052 1
5053 8
5054 3
5055 12
5056 10
5057 12
5058 2
5059 5
5060 4
5061 6
5062 5
5063 6
5064 5
5065 12
5066 2
5067 2
5068 4
5069 9
5070 3
5071 8
5072 2
5073 11
5074 1
5075 9
5076 5
5077 10
5078 5
5079 6
5080 6
5081 8
5082 5
5083 7
5084 6
5085 11
5086 4
5087 5
5088 2
5089 12
5090 1
5091 3
5092 4
5093 12
5094 4
5095 7
5096 1
5097 7
5098 3
5099 3
5100 1
5101 11
5102 4
5103 11
5104 7
5105 15
5106 2
5107 6
5108 10
5109 4
5110 10
5111 2
5112 3
5113 9
5114 5
5115 4
5116 3
5117 6
5118 3
5119 12
5120 4
5121 9
5122 2
5123 3
5124 5
5125 6
5126 5
5127 3
5128 1
5129 13
5130 5
5131 5
5132 5
5133 11
5134 4
5135 7
5136 0
5137 8
5138 2
5139 7
5140 4
5141 4
5142 5
5143 2
5144 3
5145 12
5146 1
5147 6
5148 2
5149 9
5150 0
5151 8
5152 0
5153 10
5154 1
5155 8
5156 5
5157 10
5158 4
5159 6
5160 4
5161 15
5162 4
5163 2
5164 3
5165 9
5166 4
5167 6
5168 4
5169 9
5170 2
5171 8
5172 5
5173 14
5174 3
5175 8
5176 6
5177 4
5178 8
5179 2
5180 3
5181 6
5182 2
5183 13
5184 2
5185 11
5186 5
5187 4
5188 3
5189 7
5190 2
5191 2
5192 5
5193 8
5194 2
5195 2
5196 1
5197 12
5198 3
5199 12
5200 4
5201 9
5202 2
5203 4
5204 4
5205 10
5206 5
5207 3
5208 1
5209 12
5210 8
5211 9
5212 2
5213 14
5214 9
5215 5
5216 3
5217 13
5218 2
5219 8
5220 4
5221 5
5222 6
5223 7
5224 3
5225 9
5226 6
5227 3
5228 2
5229 5
5230 4
5231 7
5232 2
5233 7
5234 3
5235 3
5236 4
5237 4
5238 4
5239 3
5240 3
5241 11
5242 7
5243 3
5244 5
5245 6
5246 3
5247 6
5248 6
5249 4
5250 1
5251 6
5252 6
5253 8
5254 2
5255 5
5256 7
5257 9
5258 4
5259 6
5260 5
5261 2
5262 5
5263 10
5264 3
5265 8
5266 3
5267 6
5268 5
5269 12
5270 5
5271 3
5272 4
5273 9
5274 9
5275 5
5276 3
5277 7
5278 8
5279 6
5280 3
5281 12
5282 3
5283 4
5284 9
5285 7
5286 6
5287 7
5288 1
5289 10
5290 2
5291 7
5292 5
5293 10
5294 0
5295 8
5296 4
5297 8
5298 1
5299 9
5300 5
5301 9
5302 4
5303 7
5304 1
5305 10
5306 4
5307 5
5308 3
5309 9
5310 4
5311 12
5312 3
5313 10
5314 3
5315 3
5316 3
5317 7
5318 3
5319 3
5320 2
5321 12
5322 5
5323 5
5324 1
5325 12
5326 6
5327 8
5328 0
5329 6
5330 1
5331 2
5332 7
5333 4
5334 6
5335 4
5336 3
5337 8
5338 6
5339 6
5340 2
5341 15
5342 3
5343 12
5344 3
5345 19
5346 1
5347 4
5348 4
5349 10
5350 8
5351 0
5352 8
5353 10
5354 3
5355 3
5356 10
5357 8
5358 7
5359 6
5360 2
5361 15
5362 2
5363 5
5364 4
5365 6
5366 9
5367 7
5368 4
5369 7
5370 3
5371 5
5372 2
5373 6
5374 5
5375 5
5376 3
5377 7
5378 2
5379 10
5380 9
5381 9
5382 5
5383 6
5384 4
5385 11
5386 2
5387 5
5388 4
5389 6
5390 8
5391 7
5392 2
5393 4
5394 2
5395 5
5396 4
5397 15
5398 9
5399 9
5400 4
5401 10
5402 3
5403 4
5404 3
5405 9
5406 8
5407 5
5408 1
5409 10
5410 3
5411 3
5412 5
5413 12
5414 4
5415 5
5416 3
5417 9
5418 3
5419 3
5420 4
5421 14
5422 4
5423 3
5424 3
5425 6
5426 1
5427 6
5428 6
5429 10
5430 6
5431 10
5432 2
5433 10
5434 4
5435 5
5436 2
5437 10
5438 6
5439 4
5440 5
5441 9
5442 2
5443 10
5444 3
5445 15
5446 4
5447 9
5448 8
5449 9
5450 1
5451 5
5452 4
5453 8
5454 5
5455 11
5456 3
5457 10
5458 2
5459 8
5460 2
5461 6
5462 6
5463 5
5464 7
5465 10
5466 5
5467 6
5468 2
5469 11
5470 6
5471 5
5472 1
5473 6
5474 1
5475 6
5476 8
5477 9
5478 4
5479 7
5480 5
5481 12
5482 5
5483 8
5484 5
5485 5
5486 5
5487 10
5488 5
5489 10
5490 2
5491 5
5492 7
5493 6
5494 4
5495 4
5496 4
5497 9
5498 3
5499 1
5500 2
5501 7
5502 6
5503 12
5504 3
5505 6
5506 3
5507 4
5508 3
5509 7
5510 8
5511 7
5512 3
5513 15
5514 8
5515 5
5516 3
5517 11
5518 5
5519 4
5520 3
5521 12
5522 2
5523 1
5524 8
5525 9
5526 10
5527 5
5528 4
5529 10
5530 5
5531 5
5532 3
5533 5
5534 3
5535 10
5536 4
5537 11
5538 1
5539 4
5540 5
5541 5
5542 3
5543 7
5544 3
5545 6
5546 7
5547 6
5548 3
5549 12
5550 7
5551 8
5552 5
5553 10
5554 3
5555 6
5556 4
5557 11
5558 4
5559 3
5560 7
5561 7
5562 4
5563 3
5564 5
5565 11
5566 5
5567 7
5568 6
5569 9
5570 3
5571 9
5572 3
5573 5
5574 3
5575 8
5576 4
5577 9
5578 9
5579 2
5580 3
5581 13
5582 2
5583 14
5584 6
5585 16
5586 6
5587 3
5588 4
5589 8
5590 8
5591 2
5592 2
5593 13
5594 5
5595 8
5596 3
5597 12
5598 4
5599 8
5600 1
5601 10
5602 3
5603 6
5604 5
5605 5
5606 6
5607 6
5608 3
5609 7
5610 0
5611 2
5612 4
5613 13
5614 5
5615 6
5616 3
5617 5
5618 1
5619 2
5620 8
5621 8
5622 11
5623 5
5624 2
5625 6
5626 2
5627 6
5628 1
5629 11
5630 3
5631 11
5632 3
5633 7
5634 2
5635 2
5636 6
5637 8
5638 1
5639 3
5640 3
5641 5
5642 2
5643 3
5644 5
5645 4
5646 3
5647 9
5648 1
5649 8
5650 2
5651 5
5652 4
5653 3
5654 3
5655 2
5656 5
5657 8
5658 3
5659 2
5660 4
5661 10
5662 5
5663 11
5664 2
5665 5
5666 1
5667 1
5668 7
5669 5
5670 3
5671 4
5672 5
5673 8
5674 6
5675 1
5676 1
5677 6
5678 3
5679 4
5680 2
5681 12
5682 2
5683 4
5684 2
5685 13
5686 5
5687 8
5688 3
5689 10
5690 4
5691 2
5692 2
5693 8
5694 4
5695 8
5696 5
5697 4
5698 3
5699 0
5700 1
5701 6
5702 2
5703 3
5704 4
5705 6
5706 3
5707 2
5708 0
5709 7
5710 3
5711 2
5712 4
5713 9
5714 2
5715 3
5716 4
5717 7
5718 4
5719 4
5720 2
5721 5
5722 4
5723 0
5724 2
5725 4
5726 5
5727 7
5728 3
5729 7
5730 1
5731 4
5732 3
5733 6
5734 4
5735 3
5736 0
5737 4
5738 3
5739 3
5740 3
5741 9
5742 5
5743 2
5744 0
5745 9
5746 4
5747 2
5748 7
5749 4
5750 2
5751 2
5752 1
5753 8
5754 3
5755 2
5756 2
5757 11
5758 6
5759 4
5760 0
5761 7
5762 1
5763 8
5764 6
5765 4
5766 3
5767 2
5768 3
5769 5
5770 1
5771 1
5772 5
5773 4
5774 3
5775 8
5776 2
5777 4
5778 0
5779 5
5780 6
5781 9
5782 3
5783 1
5784 2
5785 9
5786 4
5787 3
5788 3
5789 4
5790 4
5791 3
5792 3
5793 8
5794 5
5795 5
5796 2
5797 5
5798 2
5799 5
5800 1
5801 5
5802 5
5803 5
5804 1
5805 3
5806 5
5807 6
5808 1
5809 3
5810 2
5811 4
5812 10
5813 5
5814 2
5815 2
5816 4
5817 7
5818 3
5819 2
5820 1
5821 6
5822 5
5823 3
5824 1
5825 7
5826 2
5827 6
5828 6
5829 6
5830 2
5831 2
5832 7
5833 4
5834 4
5835 2
5836 3
5837 7
5838 11
5839 3
5840 1
5841 9
5842 3
5843 3
5844 4
5845 6
5846 3
5847 4
5848 3
5849 9
5850 5
5851 3
5852 4
5853 9
5854 6
5855 9
5856 1
5857 7
5858 2
5859 3
5860 5
5861 6
5862 4
5863 3
5864 4
5865 7
5866 3
5867 5
5868 3
5869 3
5870 4
5871 4
5872 4
5873 6
5874 1
5875 5
5876 4
5877 6
5878 5
5879 2
5880 2
5881 6
5882 5
5883 5
5884 3
5885 10
5886 5
5887 6
5888 3
5889 5
5890 2
5891 3
5892 1
5893 3
5894 5
5895 6
5896 3
5897 11
5898 3
5899 1
5900 2
5901 9
5902 7
5903 7
5904 3
5905 5
5906 1
5907 1
5908 1
5909 7
5910 1
5911 4
5912 2
5913 4
5914 2
5915 2
5916 3
5917 9
5918 4
5919 4
5920 1
5921 7
5922 0
5923 2
5924 9
5925 6
5926 2
5927 3
5928 1
5929 11
5930 0
5931 4
5932 3
5933 6
5934 4
5935 6
5936 1
5937 10
5938 0
5939 2
5940 5
5941 9
5942 5
5943 2
5944 5
5945 6
5946 0
5947 2
5948 1
5949 5
5950 2
5951 6
5952 3
5953 6
5954 2
5955 3
5956 4
5957 6
5958 1
5959 1
5960 2
5961 11
5962 6
5963 1
5964 1
5965 4
5966 3
5967 3
5968 0
5969 13
5970 3
5971 3
5972 0
5973 5
5974 1
5975 2
5976 1
5977 5
5978 2
5979 3
5980 1
5981 9
5982 4
5983 2
5984 1
5985 13
5986 3
5987 5
5988 2
5989 6
5990 3
5991 8
5992 2
5993 6
5994 6
5995 1
5996 1
5997 5
5998 3
5999 5
6000 5
6001 9
6002 1
6003 2
6004 2
6005 6
6006 4
6007 3
6008 3
6009 1
6010 5
6011 3
6012 4
6013 10
6014 1
6015 4
6016 2
6017 14
6018 0
6019 2
6020 3
6021 4
6022 2
6023 5
6024 1
6025 9
6026 2
6027 5
6028 2
6029 2
6030 2
6031 6
6032 1
6033 4
6034 2
6035 6
6036 3
6037 3
6038 4
6039 1
6040 2
6041 11
6042 3
6043 2
6044 1
6045 9
6046 2
6047 7
6048 0
6049 7
6050 0
6051 2
6052 2
6053 6
6054 2
6055 1
6056 1
6057 7
6058 6
6059 3
6060 3
6061 6
6062 3
6063 5
6064 1
6065 8
6066 3
6067 4
6068 3
6069 3
6070 6
6071 1
6072 3
6073 6
6074 4
6075 2
6076 0
6077 4
6078 5
6079 2
6080 4
6081 8
6082 1
6083 1
6084 3
6085 7
6086 3
6087 0
6088 0
6089 5
6090 3
6091 1
6092 1
6093 5
6094 5
6095 8
6096 1
6097 8
6098 1
6099 7
6100 3
6101 6
6102 4
6103 3
6104 1
6105 5
6106 7
6107 2
6108 1
6109 7
6110 1
6111 7
6112 1
6113 6
6114 1
6115 3
6116 3
6117 9
6118 4
6119 5
6120 2
6121 7
6122 4
6123 2
6124 4
6125 7
6126 2
6127 3
6128 6
6129 8
6130 1
6131 4
6132 5
6133 8
6134 3
6135 1
6136 3
6137 9
6138 5
6139 1
6140 5
6141 7
6142 2
6143 2
6144 0
6145 10
6146 0
6147 2
6148 6
6149 3
6150 3
6151 3
6152 2
6153 3
6154 1
6155 2
6156 2
6157 10
6158 1
6159 3
6160 1
6161 1
6162 1
6163 5
6164 5
6165 2
6166 7
6167 4
6168 0
6169 7
6170 2
6171 2
6172 2
6173 6
6174 1
6175 3
6176 2
6177 4
6178 1
6179 0
6180 5
6181 5
6182 3
6183 2
6184 1
6185 5
6186 2
6187 1
6188 1
6189 6
6190 0
6191 2
6192 2
6193 1
6194 0
6195 1
6196 0
6197 4
6198 2
6199 1
6200 2
6201 3
6202 2
6203 1
6204 1
6205 5
6206 1
6207 3
6208 0
6209 5
6210 0
6211 5
6212 2
6213 4
6214 1
6215 3
6216 2
6217 3
6218 5
6219 2
6220 2
6221 3
6222 3
6223 3
6224 0
6225 1
6226 1
6227 2
6228 3
6229 4
6230 5
6231 1
6232 2
6233 6
6234 3
6235 3
6236 1
6237 5
6238 1
6239 5
6240 0
6241 3
6242 1
6243 5
6244 2
6245 6
6246 1
6247 0
6248 3
6249 7
6250 2
6251 3
6252 1
6253 6
6254 0
6255 9
6256 0
6257 8
6258 1
6259 0
6260 2
6261 4
6262 0
6263 5
6264 3
6265 3
6266 1
6267 2
6268 2
6269 3
6270 4
6271 2
6272 0
6273 11
6274 1
6275 4
6276 5
6277 1
6278 3
6279 1
6280 1
6281 5
6282 1
6283 1
6284 0
6285 2
6286 3
6287 5
6288 0
6289 7
6290 2
6291 3
6292 5
6293 2
6294 0
6295 2
6296 0
6297 8
6298 3
6299 0
6300 1
6301 10
6302 3
6303 3
6304 2
6305 4
6306 0
6307 3
6308 3
6309 8
6310 2
6311 2
6312 0
6313 4
6314 5
6315 1
6316 0
6317 4
6318 2
6319 1
6320 0
6321 7
6322 1
6323 3
6324 2
6325 3
6326 1
6327 1
6328 3
6329 8
6330 3
6331 3
6332 2
6333 7
6334 1
6335 7
6336 0
6337 8
6338 0
6339 0
6340 4
6341 7
6342 2
6343 5
6344 2
6345 7
6346 2
6347 1
6348 1
6349 5
6350 1
6351 4
6352 2
6353 2
6354 0
6355 1
6356 6
6357 5
6358 0
6359 2
6360 0
6361 8
6362 3
6363 2
6364 2
6365 2
6366 1
6367 5
6368 1
6369 5
6370 0
6371 2
6372 2
6373 3
6374 0
6375 2
6376 2
6377 4
6378 2
6379 3
6380 1
6381 4
6382 5
6383 3
6384 0
6385 7
6386 0
6387 1
6388 3
6389 9
6390 3
6391 2
6392 6
6393 7
6394 4
6395 2
6396 0
6397 10
6398 4
6399 3
6400 0
6401 6
6402 0
6403 0
6404 4
6405 7
6406 4
6407 3
6408 1
6409 5
6410 2
6411 2
6412 1
6413 5
6414 1
6415 6
6416 1
6417 8
6418 3
6419 4
6420 3
6421 7
6422 6
6423 3
6424 1
6425 6
6426 0
6427 3
6428 2
6429 9
6430 5
6431 5
6432 3
6433 6
6434 1
6435 1
6436 2
6437 6
6438 2
6439 3
6440 1
6441 6
6442 0
6443 3
6444 1
6445 7
6446 1
6447 9
6448 1
6449 8
6450 2
6451 2
6452 7
6453 4
6454 3
6455 1
6456 1
6457 7
6458 1
6459 2
6460 2
6461 7
6462 2
6463 5
6464 0
6465 5
6466 1
6467 1
6468 3
6469 5
6470 1
6471 6
6472 1
6473 6
6474 2
6475 0
6476 1
6477 4
6478 4
6479 3
6480 2
6481 7
6482 1
6483 0
6484 5
6485 3
6486 2
6487 2
6488 2
6489 9
6490 2
6491 3
6492 2
6493 5
6494 4
6495 9
6496 4
6497 11
6498 1
6499 5
6500 6
6501 4
6502 3
6503 2
6504 2
6505 7
6506 2
6507 1
6508 2
6509 8
6510 0
6511 6
6512 2
6513 9
6514 1
6515 2
6516 5
6517 7
6518 3
6519 3
6520 3
6521 12
6522 4
6523 0
6524 2
6525 7
6526 3
6527 6
6528 1
6529 11
6530 2
6531 3
6532 2
6533 4
6534 3
6535 5
6536 1
6537 6
6538 1
6539 3
6540 3
6541 8
6542 4
6543 9
6544 1
6545 5
6546 0
6547 3
6548 4
6549 6
6550 1
6551 4
6552 2
6553 10
6554 5
6555 4
6556 1
6557 9
6558 4
6559 3
6560 3
6561 8
6562 0
6563 1
6564 5
6565 9
6566 2
6567 0
6568 3
6569 3
6570 3
6571 2
6572 2
6573 9
6574 5
6575 3
6576 0
6577 4
6578 0
6579 3
6580 1
6581 11
6582 0
6583 1
6584 1
6585 2
6586 5
6587 3
6588 1
6589 7
6590 3
6591 2
6592 1
6593 6
6594 0
6595 1
6596 4
6597 10
6598 2
6599 2
6600 1
6601 5
6602 3
6603 4
6604 5
6605 6
6606 1
6607 6
6608 2
6609 11
6610 1
6611 3
6612 4
6613 12
6614 4
6615 0
6616 0
6617 10
6618 4
6619 2
6620 0
6621 4
6622 1
6623 4
6624 0
6625 3
6626 2
6627 5
6628 2
6629 7
6630 3
6631 2
6632 0
6633 11
6634 3
6635 4
6636 2
6637 8
6638 0
6639 8
6640 1
6641 7
6642 1
6643 3
6644 9
6645 7
6646 4
6647 1
6648 4
6649 9
6650 8
6651 2
6652 1
6653 5
6654 4
6655 8
6656 2
6657 5
6658 1
6659 5
6660 5
6661 12
6662 4
6663 1
6664 3
6665 7
6666 2
6667 2
6668 2
6669 5
6670 2
6671 6
6672 2
6673 11
6674 2
6675 4
6676 2
6677 8
6678 1
6679 5
6680 3
6681 5
6682 4
6683 1
6684 2
6685 10
6686 4
6687 6
6688 2
6689 5
6690 3
6691 2
6692 8
6693 6
6694 2
6695 3
6696 2
6697 7
6698 1
6699 6
6700 4
6701 9
6702 0
6703 5
6704 1
6705 7
6706 1
6707 3
6708 3
6709 7
6710 0
6711 0
6712 2
6713 6
6714 5
6715 1
6716 0
6717 7
6718 4
6719 3
6720 0
6721 11
6722 1
6723 3
6724 3
6725 8
6726 4
6727 1
6728 1
6729 3
6730 4
6731 2
6732 4
6733 6
6734 0
6735 2
6736 0
6737 15
6738 0
6739 1
6740 3
6741 10
6742 4
6743 3
6744 2
6745 5
6746 4
6747 4
6748 3
6749 2
6750 8
6751 6
6752 3
6753 5
6754 0
6755 1
6756 5
6757 3
6758 3
6759 4
6760 1
6761 12
6762 1
6763 4
6764 1
6765 4
6766 0
6767 6
6768 3
6769 10
6770 1
6771 2
6772 4
6773 3
6774 1
6775 1
6776 0
6777 6
6778 7
6779 3
6780 3
6781 3
6782 1
6783 9
6784 1
6785 12
6786 1
6787 1
6788 4
6789 9
6790 3
6791 2
6792 0
6793 9
6794 4
6795 3
6796 3
6797 5
6798 2
6799 3
6800 0
6801 7
6802 0
6803 7
6804 4
6805 3
6806 2
6807 3
6808 4
6809 8
6810 4
6811 3
6812 2
6813 10
6814 3
6815 8
6816 0
6817 8
6818 0
6819 1
6820 6
6821 6
6822 5
6823 2
6824 1
6825 4
6826 2
6827 1
6828 4
6829 6
6830 0
6831 9
6832 3
6833 7
6834 1
6835 3
6836 5
6837 6
6838 3
6839 5
6840 0
6841 8
6842 5
6843 2
6844 0
6845 9
6846 2
6847 7
6848 1
6849 9
6850 1
6851 4
6852 5
6853 5
6854 0
6855 6
6856 1
6857 8
6858 4
6859 2
6860 1
6861 3
6862 3
6863 6
6864 1
6865 7
6866 1
6867 4
6868 1
6869 5
6870 3
6871 1
6872 0
6873 7
6874 1
6875 1
6876 0
6877 2
6878 1
6879 4
6880 1
6881 6
6882 1
6883 4
6884 4
6885 5
6886 2
6887 4
6888 1
6889 6
6890 2
6891 1
6892 1
6893 6
6894 2
6895 5
6896 2
6897 8
6898 2
6899 7
6900 1
6901 6
6902 0
6903 4
6904 1
6905 7
6906 2
6907 1
6908 3
6909 10
6910 3
6911 6
6912 3
6913 9
6914 2
6915 2
6916 4
6917 7
6918 1
6919 6
6920 2
6921 7
6922 2
6923 1
6924 1
6925 4
6926 3
6927 7
6928 2
6929 5
6930 0
6931 5
6932 2
6933 4
6934 5
6935 4
6936 6
6937 2
6938 5
6939 2
6940 3
6941 1
6942 1
6943 4
6944 0
6945 6
6946 2
6947 2
6948 4
6949 2
6950 2
6951 4
6952 2
6953 8
6954 3
6955 1
6956 2
6957 5
6958 3
6959 6
6960 1
6961 8
6962 3
6963 0
6964 1
6965 10
6966 1
6967 0
6968 2
6969 6
6970 0
6971 3
6972 0
6973 8
6974 6
6975 3
6976 2
6977 5
6978 2
6979 1
6980 3
6981 5
6982 1
6983 0
6984 2
6985 6
6986 2
6987 4
6988 1
6989 9
6990 0
6991 11
6992 0
6993 5
6994 1
6995 7
6996 7
6997 8
6998 3
6999 3
7000 2
7001 7
7002 6
7003 7
7004 3
7005 6
7006 3
7007 4
7008 1
7009 5
7010 2
7011 2
7012 3
7013 4
7014 2
7015 2
7016 1
7017 3
7018 3
7019 1
7020 3
7021 4
7022 1
7023 5
7024 0
7025 7
7026 1
7027 0
7028 2
7029 7
7030 3
7031 1
7032 2
7033 3
7034 3
7035 4
7036 1
7037 9
7038 3
7039 3
7040 2
7041 12
7042 2
7043 3
7044 5
7045 5
7046 2
7047 4
7048 3
7049 5
7050 3
7051 4
7052 0
7053 8
7054 3
7055 4
7056 1
7057 7
7058 1
7059 2
7060 3
7061 5
7062 3
7063 4
7064 1
7065 10
7066 4
7067 1
7068 2
7069 3
7070 3
7071 3
7072 0
7073 5
7074 1
7075 4
7076 5
7077 8
7078 6
7079 4
7080 2
7081 6
7082 1
7083 3
7084 2
7085 4
7086 1
7087 4
7088 1
7089 2
7090 0
7091 3
7092 5
7093 9
7094 1
7095 3
7096 2
7097 8
7098 2
7099 6
7100 1
7101 11
7102 6
7103 3
7104 0
7105 9
7106 0
7107 1
7108 5
7109 3
7110 1
7111 4
7112 0
7113 7
7114 3
7115 2
7116 1
7117 8
7118 1
7119 4
7120 2
7121 5
7122 0
7123 2
7124 4
7125 3
7126 1
7127 2
7128 0
7129 11
7130 4
7131 6
7132 2
7133 5
7134 1
7135 3
7136 0
7137 3
7138 0
7139 3
7140 6
7141 7
7142 1
7143 4
7144 2
7145 5
7146 1
7147 3
7148 0
7149 4
7150 4
7151 5
7152 1
7153 7
7154 0
7155 1
7156 7
7157 4
7158 2
7159 0
7160 1
7161 4
7162 1
7163 2
7164 1
7165 8
7166 2
7167 3
7168 1
7169 6
7170 0
7171 2
7172 6
7173 4
7174 0
7175 3
7176 1
7177 7
7178 0
7179 4
7180 1
7181 5
7182 1
7183 3
7184 0
7185 10
7186 2
7187 1
7188 2
7189 6
7190 1
7191 3
7192 2
7193 10
7194 2
7195 4
7196 1
7197 5
7198 3
7199 2
7200 2
7201 8
7202 1
7203 1
7204 6
7205 6
7206 0
7207 1
7208 2
7209 7
7210 1
7211 2
7212 2
7213 3
7214 4
7215 5
7216 0
7217 8
7218 0
7219 3
7220 1
7221 3
7222 5
7223 7
7224 0
7225 5
7226 4
7227 5
7228 3
7229 6
7230 2
7231 4
7232 1
7233 11
7234 0
7235 2
7236 4
7237 12
7238 3
7239 3
7240 1
7241 3
7242 0
7243 6
7244 2
7245 7
7246 6
7247 8
7248 2
7249 4
7250 2
7251 3
7252 1
7253 5
7254 0
7255 4
7256 1
7257 6
7258 3
7259 0
7260 1
7261 5
7262 4
7263 4
7264 1
7265 7
7266 0
7267 2
7268 6
7269 8
7270 2
7271 5
7272 3
7273 3
7274 1
7275 4
7276 3
7277 7
7278 8
7279 4
7280 1
7281 7
7282 0
7283 1
7284 5
7285 6
7286 4
7287 3
7288 5
7289 0
7290 3
7291 1
7292 3
7293 7
7294 5
7295 4
7296 4
7297 8
7298 1
7299 7
7300 2
7301 7
7302 0
7303 3
7304 6
7305 0
7306 2
7307 2
7308 5
7309 6
7310 3
7311 5
7312 2
7313 9
7314 0
7315 0
7316 4
7317 7
7318 3
7319 2
7320 2
7321 4
7322 2
7323 2
7324 3
7325 2
7326 6
7327 3
7328 2
7329 8
7330 1
7331 5
7332 4
7333 9
7334 1
7335 0
7336 3
7337 8
7338 3
7339 5
7340 2
7341 11
7342 4
7343 6
7344 0
7345 7
7346 0
7347 4
7348 9
7349 5
7350 2
7351 0
7352 1
7353 5
7354 5
7355 2
7356 1
7357 5
7358 1
7359 4
7360 0
7361 3
7362 2
7363 1
7364 2
7365 5
7366 2
7367 2
7368 3
7369 6
7370 2
7371 1
7372 2
7373 5
7374 0
7375 5
7376 2
7377 6
7378 1
7379 3
7380 1
7381 6
7382 4
7383 1
7384 6
7385 9
7386 3
7387 1
7388 2
7389 3
7390 1
7391 3
7392 1
7393 4
7394 1
7395 0
7396 2
7397 2
7398 6
7399 1
7400 1
7401 9
7402 3
7403 3
7404 2
7405 4
7406 0
7407 5
7408 1
7409 6
7410 1
7411 1
7412 2
7413 5
7414 0
7415 1
7416 2
7417 7
7418 7
7419 1
7420 2
7421 8
7422 4
7423 6
7424 3
7425 10
7426 2
7427 2
7428 2
7429 9
7430 2
7431 2
7432 0
7433 3
7434 2
7435 5
7436 3
7437 11
7438 1
7439 4
7440 2
7441 7
7442 1
7443 6
7444 7
7445 2
7446 2
7447 4
7448 4
7449 9
7450 2
7451 1
7452 3
7453 2
7454 2
7455 5
7456 2
7457 6
7458 2
7459 4
7460 3
7461 8
7462 2
7463 4
7464 1
7465 10
7466 1
7467 2
7468 2
7469 7
7470 0
7471 7
7472 2
7473 7
7474 0
7475 0
7476 2
7477 8
7478 1
7479 4
7480 0
7481 7
7482 0
7483 0
7484 0
7485 2
7486 6
7487 2
7488 2
7489 3
7490 0
7491 2
7492 4
7493 6
7494 0
7495 0
7496 2
7497 6
7498 2
7499 4
7500 3
7501 6
7502 3
7503 7
7504 1
7505 12
7506 0
7507 0
7508 3
7509 8
7510 3
7511 3
7512 3
7513 4
7514 3
7515 3
7516 0
7517 6
7518 4
7519 3
7520 0
7521 7
7522 0
7523 2
7524 4
7525 3
7526 3
7527 3
7528 2
7529 10
7530 4
7531 1
7532 3
7533 5
7534 2
7535 9
7536 0
7537 11
7538 1
7539 3
7540 3
7541 7
7542 1
7543 4
7544 3
7545 7
7546 2
7547 3
7548 3
7549 5
7550 5
7551 4
7552 1
7553 9
7554 1
7555 1
7556 3
7557 5
7558 2
7559 1
7560 1
7561 10
7562 5
7563 1
7564 1
7565 5
7566 4
7567 6
7568 2
7569 6
7570 0
7571 3
7572 2
7573 12
7574 5
7575 4
7576 3
7577 9
7578 3
7579 3
7580 1
7581 7
7582 3
7583 6
7584 2
7585 5
7586 1
7587 3
7588 5
7589 8
7590 3
7591 4
7592 2
7593 1
7594 3
7595 3
7596 0
7597 5
7598 3
7599 7
7600 1
7601 5
7602 4
7603 4
7604 6
7605 7
7606 1
7607 4
7608 0
7609 5
7610 5
7611 1
7612 2
7613 7
7614 3
7615 9
7616 1
7617 6
7618 1
7619 1
7620 9
7621 4
7622 0
7623 1
7624 2
7625 4
7626 1
7627 1
7628 1
7629 5
7630 3
7631 6
7632 2
7633 7
7634 2
7635 3
7636 3
7637 6
7638 1
7639 3
7640 1
7641 12
7642 2
7643 3
7644 2
7645 5
7646 0
7647 6
7648 4
7649 11
7650 1
7651 2
7652 6
7653 4
7654 4
7655 4
7656 2
7657 10
7658 2
7659 0
7660 2
7661 8
7662 3
7663 5
7664 2
7665 12
7666 1
7667 2
7668 4
7669 9
7670 5
7671 3
7672 0
7673 9
7674 1
7675 6
7676 1
7677 5
7678 5
7679 4
7680 1
7681 6
7682 0
7683 3
7684 4
7685 2
7686 2
7687 4
7688 0
7689 11
7690 1
7691 1
7692 0
7693 6
7694 6
7695 7
7696 1
7697 10
7698 3
7699 1
7700 2
7701 7
7702 1
7703 2
7704 1
7705 7
7706 3
7707 1
7708 4
7709 3
7710 2
7711 12
7712 3
7713 9
7714 2
7715 2
7716 2
7717 10
7718 5
7719 1
7720 1
7721 2
7722 1
7723 1
7724 0
7725 9
7726 6
7727 3
7728 3
7729 11
7730 0
7731 4
7732 7
7733 4
7734 4
7735 3
7736 3
7737 4
7738 4
7739 1
7740 1
7741 4
7742 2
7743 3
7744 0
7745 9
7746 0
7747 0
7748 6
7749 2
7750 3
7751 0
7752 2
7753 3
7754 1
7755 2
7756 2
7757 6
7758 1
7759 4
7760 3
7761 8
7762 2
7763 1
7764 3
7765 5
7766 0
7767 0
7768 1
7769 5
7770 1
7771 1
7772 1
7773 7
7774 1
7775 4
7776 0
7777 9
7778 2
7779 3
7780 1
7781 11
7782 1
7783 1
7784 4
7785 0
7786 3
7787 3
7788 1
7789 15
7790 4
7791 3
7792 3
7793 10
7794 1
7795 1
7796 1
7797 8
7798 1
7799 1
7800 1
7801 12
7802 5
7803 3
7804 3
7805 9
7806 1
7807 7
7808 2
7809 10
7810 1
7811 3
7812 5
7813 6
7814 6
7815 1
7816 1
7817 5
7818 2
7819 2
7820 1
7821 6
7822 1
7823 6
7824 0
7825 14
7826 2
7827 4
7828 3
7829 4
7830 4
7831 2
7832 2
7833 11
7834 1
7835 1
7836 1
7837 6
7838 4
7839 5
7840 1
7841 5
7842 4
7843 5
7844 4
7845 6
7846 3
7847 4
7848 2
7849 6
7850 1
7851 0
7852 2
7853 7
7854 0
7855 3
7856 2
7857 9
7858 1
7859 0
7860 2
7861 8
7862 6
7863 5
7864 0
7865 3
7866 3
7867 1
7868 3
7869 2
7870 3
7871 4
7872 0
7873 7
7874 2
7875 2
7876 5
7877 8
7878 1
7879 6
7880 3
7881 2
7882 0
7883 5
7884 0
7885 10
7886 0
7887 3
7888 2
7889 7
7890 2
7891 1
7892 5
7893 8
7894 7
7895 0
7896 1
7897 3
7898 4
7899 3
7900 3
7901 5
7902 3
7903 5
7904 2
7905 6
7906 1
7907 6
7908 5
7909 5
7910 1
7911 1
7912 4
7913 10
7914 1
7915 1
7916 2
7917 4
7918 2
7919 3
7920 1
7921 7
7922 3
7923 4
7924 5
7925 11
7926 3
7927 4
7928 3
7929 6
7930 2
7931 2
7932 2
7933 8
7934 3
7935 4
7936 1
7937 3
7938 1
7939 1
7940 4
7941 9
7942 2
7943 4
7944 1
7945 7
7946 0
7947 5
7948 0
7949 7
7950 4
7951 5
7952 5
7953 6
7954 3
7955 1
7956 1
7957 10
7958 5
7959 1
7960 2
7961 6
7962 2
7963 3
7964 3
7965 9
7966 3
7967 9
7968 2
7969 8
7970 0
7971 0
7972 5
7973 9
7974 4
7975 3
7976 2
7977 9
7978 4
7979 5
7980 2
7981 9
7982 3
7983 8
7984 0
7985 5
7986 0
7987 1
7988 6
7989 6
7990 1
7991 2
7992 4
7993 9
7994 5
7995 1
7996 0
7997 6
7998 2
7999 7
8000 5
8001 8
8002 1
8003 0
8004 6
8005 7
8006 1
8007 1
8008 2
8009 7
8010 1
8011 3
8012 5
8013 3
8014 2
8015 7
8016 1
8017 8
8018 1
8019 1
8020 4
8021 12
8022 1
8023 4
8024 4
8025 8
8026 3
8027 2
8028 3
8029 6
8030 5
8031 4
8032 2
8033 6
8034 0
8035 3
8036 4
8037 4
8038 0
8039 6
8040 0
8041 7
8042 8
8043 0
8044 2
8045 12
8046 2
8047 5
8048 2
8049 10
8050 4
8051 6
8052 6
8053 5
8054 1
8055 3
8056 1
8057 6
8058 2
8059 4
8060 2
8061 7
8062 7
8063 6
8064 3
8065 3
8066 0
8067 7
8068 4
8069 6
8070 3
8071 4
8072 2
8073 9
8074 2
8075 1
8076 1
8077 7
8078 2
8079 9
8080 1
8081 6
8082 1
8083 2
8084 1
8085 7
8086 4
8087 4
8088 3
8089 7
8090 2
8091 3
8092 3
8093 7
8094 1
8095 5
8096 1
8097 12
8098 0
8099 5
8100 7
8101 5
8102 4
8103 1
8104 0
8105 5
8106 2
8107 1
8108 2
8109 7
8110 3
8111 1
8112 1
8113 11
8114 0
8115 5
8116 2
8117 6
8118 3
8119 1
8120 3
8121 6
8122 2
8123 5
8124 1
8125 3
8126 1
8127 4
8128 1
8129 9
8130 0
8131 2
8132 3
8133 6
8134 3
8135 4
8136 1
8137 7
8138 5
8139 2
8140 0
8141 9
8142 3
8143 2
8144 3
8145 6
8146 1
8147 2
8148 4
8149 6
8150 3
8151 4
8152 1
8153 7
8154 3
8155 1
8156 2
8157 3
8158 3
8159 8
8160 2
8161 5
8162 0
8163 4
8164 3
8165 11
8166 5
8167 4
8168 2
8169 6
8170 0
8171 2
8172 2
8173 7
8174 1
8175 4
8176 0
8177 8
8178 1
8179 5
8180 2
8181 6
8182 2
8183 3
8184 2
8185 11
8186 4
8187 1
8188 0
8189 14
8190 2
8191 9
8192 3
8193 15
8194 0
8195 9
8196 10
8197 12
8198 4
8199 6
8200 1
8201 8
8202 3
8203 5
8204 6
8205 15
8206 7
8207 15
8208 1
8209 17
8210 2
8211 4
8212 2
8213 7
8214 3
8215 3
8216 3
8217 9
8218 4
8219 9
8220 6
8221 16
8222 3
8223 16
8224 4
8225 4
8226 4
8227 8
8228 7
8229 5
8230 6
8231 5
8232 0
8233 10
8234 5
8235 5
8236 2
8237 9
8238 10
8239 10
8240 4
8241 13
8242 2
8243 8
8244 6
8245 4
8246 4
8247 4
8248 2
8249 11
8250 4
8251 8
8252 4
8253 10
8254 6
8255 4
8256 4
8257 11
8258 0
8259 3
8260 8
8261 5
8262 4
8263 6
8264 4
8265 10
8266 5
8267 3
8268 1
8269 11
8270 8
8271 10
8272 3
8273 11
8274 2
8275 7
8276 5
8277 8
8278 9
8279 5
8280 6
8281 16
8282 7
8283 4
8284 1
8285 3
8286 8
8287 10
8288 4
8289 12
8290 2
8291 3
8292 5
8293 14
8294 3
8295 4
8296 3
8297 9
8298 7
8299 7
8300 7
8301 9
8302 5
8303 10
8304 4
8305 19
8306 1
8307 3
8308 10
8309 12
8310 2
8311 3
8312 6
8313 10
8314 4
8315 8
8316 7
8317 16
8318 5
8319 6
8320 3
8321 16
8322 0
8323 7
8324 6
8325 5
8326 5
8327 3
8328 2
8329 8
8330 3
8331 8
8332 1
8333 12
8334 4
8335 5
8336 1
8337 9
8338 2
8339 5
8340 6
8341 8
8342 4
8343 8
8344 6
8345 10
8346 5
8347 4
8348 4
8349 8
8350 5
8351 9
8352 3
8353 19
8354 4
8355 4
8356 6
8357 5
8358 5
8359 4
8360 5
8361 8
8362 5
8363 3
8364 6
8365 12
8366 5
8367 10
8368 4
8369 8
8370 3
8371 3
8372 6
8373 9
8374 1
8375 3
8376 3
8377 12
8378 4
8379 1
8380 4
8381 4
8382 6
8383 7
8384 1
8385 8
8386 3
8387 5
8388 8
8389 8
8390 1
8391 4
8392 6
8393 10
8394 2
8395 4
8396 4
8397 8
8398 4
8399 16
8400 4
8401 11
8402 2
8403 2
8404 10
8405 9
8406 1
8407 6
8408 3
8409 12
8410 4
8411 0
8412 2
8413 6
8414 5
8415 5
8416 4
8417 12
8418 1
8419 3
8420 5
8421 7
8422 6
8423 5
8424 2
8425 11
8426 5
8427 5
8428 7
8429 16
8430 3
8431 9
8432 4
8433 13
8434 2
8435 6
8436 6
8437 12
8438 9
8439 3
8440 5
8441 9
8442 2
8443 3
8444 3
8445 13
8446 5
8447 8
8448 3
8449 8
8450 1
8451 7
8452 6
8453 7
8454 9
8455 8
8456 6
8457 9
8458 5
8459 9
8460 3
8461 5
8462 4
8463 6
8464 2
8465 13
8466 4
8467 4
8468 2
8469 9
8470 5
8471 3
8472 4
8473 9
8474 2
8475 2
8476 5
8477 14
8478 7
8479 6
8480 0
8481 9
8482 3
8483 5
8484 5
8485 8
8486 3
8487 2
8488 3
8489 9
8490 5
8491 3
8492 3
8493 11
8494 6
8495 7
8496 5
8497 5
8498 2
8499 3
8500 6
8501 13
8502 2
8503 5
8504 7
8505 8
8506 2
8507 1
8508 3
8509 13
8510 3
8511 9
8512 2
8513 15
8514 1
8515 8
8516 5
8517 12
8518 3
8519 4
8520 5
8521 11
8522 4
8523 4
8524 5
8525 8
8526 4
8527 12
8528 3
8529 14
8530 3
8531 3
8532 4
8533 9
8534 5
8535 5
8536 3
8537 10
8538 6
8539 2
8540 3
8541 9
8542 5
8543 9
8544 2
8545 11
8546 3
8547 2
8548 6
8549 6
8550 7
8551 5
8552 1
8553 8
8554 5
8555 4
8556 3
8557 8
8558 3
8559 9
8560 1
8561 14
8562 1
8563 2
8564 4
8565 6
8566 7
8567 2
8568 1
8569 9
8570 9
8571 4
8572 6
8573 7
8574 6
8575 12
8576 3
8577 8
8578 4
8579 8
8580 5
8581 10
8582 5
8583 1
8584 5
8585 5
8586 2
8587 3
8588 1
8589 14
8590 5
8591 3
8592 3
8593 8
8594 5
8595 0
8596 4
8597 9
8598 3
8599 4
8600 5
8601 9
8602 7
8603 5
8604 2
8605 10
8606 4
8607 7
8608 0
8609 10
8610 1
8611 2
8612 5
8613 12
8614 5
8615 3
8616 2
8617 7
8618 4
8619 7
8620 4
8621 7
8622 6
8623 10
8624 0
8625 9
8626 2
8627 3
8628 3
8629 15
8630 1
8631 2
8632 1
8633 10
8634 6
8635 6
8636 3
8637 9
8638 6
8639 10
8640 1
8641 7
8642 2
8643 7
8644 5
8645 6
8646 3
8647 0
8648 0
8649 14
8650 1
8651 5
8652 5
8653 10
8654 6
8655 11
8656 7
8657 11
8658 3
8659 5
8660 5
8661 8
8662 9
8663 3
8664 6
8665 9
8666 1
8667 2
8668 6
8669 10
8670 3
8671 4
8672 3
8673 14
8674 2
8675 6
8676 4
8677 3
8678 4
8679 8
8680 5
8681 11
8682 4
8683 3
8684 4
8685 14
8686 4
8687 8
8688 0
8689 13
8690 1
8691 4
8692 6
8693 8
8694 3
8695 6
8696 2
8697 11
8698 4
8699 3
8700 2
8701 12
8702 7
8703 11
8704 3
8705 11
8706 4
8707 4
8708 6
8709 5
8710 3
8711 4
8712 5
8713 9
8714 1
8715 9
8716 3
8717 10
8718 6
8719 8
8720 2
8721 17
8722 2
8723 5
8724 2
8725 10
8726 8
8727 6
8728 2
8729 6
8730 7
8731 4
8732 1
8733 8
8734 4
8735 6
8736 1
8737 11
8738 0
8739 4
8740 4
8741 12
8742 5
8743 5
8744 4
8745 7
8746 1
8747 3
8748 5
8749 14
8750 4
8751 6
8752 1
8753 10
8754 2
8755 5
8756 6
8757 9
8758 5
8759 5
8760 6
8761 7
8762 7
8763 1
8764 1
8765 7
8766 3
8767 6
8768 1
8769 8
8770 0
8771 3
8772 5
8773 9
8774 2
8775 5
8776 7
8777 9
8778 6
8779 6
8780 5
8781 7
8782 2
8783 4
8784 2
8785 7
8786 3
8787 3
8788 8
8789 6
8790 3
8791 7
8792 5
8793 10
8794 5
8795 3
8796 3
8797 8
8798 4
8799 8
8800 2
8801 18
8802 2
8803 5
8804 5
8805 4
8806 8
8807 5
8808 4
8809 16
8810 3
8811 3
8812 4
8813 6
8814 4
8815 13
8816 6
8817 9
8818 0
8819 3
8820 3
8821 6
8822 3
8823 5
8824 1
8825 7
8826 5
8827 3
8828 6
8829 6
8830 5
8831 9
8832 2
8833 6
8834 1
8835 8
8836 7
8837 11
8838 4
8839 5
8840 4
8841 14
8842 5
8843 6
8844 2
8845 14
8846 3
8847 11
8848 1
8849 11
8850 1
8851 5
8852 4
8853 11
8854 4
8855 3
8856 4
8857 8
8858 4
8859 7
8860 1
8861 7
8862 4
8863 10
8864 1
8865 15
8866 4
8867 4
8868 5
8869 9
8870 1
8871 3
8872 4
8873 9
8874 2
8875 8
8876 2
8877 7
8878 8
8879 9
8880 2
8881 13
8882 0
8883 9
8884 5
8885 9
8886 5
8887 2
8888 5
8889 15
8890 2
8891 4
8892 6
8893 12
8894 5
8895 8
8896 3
8897 10
8898 6
8899 7
8900 7
8901 5
8902 2
8903 6
8904 3
8905 8
8906 5
8907 6
8908 2
8909 9
8910 6
8911 5
8912 2
8913 15
8914 1
8915 6
8916 3
8917 10
8918 1
8919 6
8920 2
8921 9
8922 2
8923 6
8924 0
8925 13
8926 6
8927 6
8928 3
8929 19
8930 2
8931 6
8932 6
8933 9
8934 2
8935 2
8936 0
8937 11
8938 4
8939 6
8940 4
8941 10
8942 6
8943 10
8944 4
8945 11
8946 2
8947 4
8948 7
8949 9
8950 5
8951 7
8952 3
8953 9
8954 5
8955 6
8956 3
8957 16
8958 3
8959 8
8960 4
8961 8
8962 2
8963 2
8964 6
8965 10
8966 2
8967 5
8968 3
8969 14
8970 2
8971 4
8972 4
8973 13
8974 3
8975 5
8976 3
8977 10
8978 0
8979 8
8980 3
8981 7
8982 3
8983 6
8984 3
8985 9
8986 7
8987 5
8988 2
8989 8
8990 5
8991 12
8992 3
8993 15
8994 5
8995 7
8996 7
8997 16
8998 7
8999 2
9000 6
9001 11
9002 6
9003 3
9004 2
9005 7
9006 5
9007 10
9008 2
9009 12
9010 3
9011 3
9012 5
9013 7
9014 2
9015 2
9016 3
9017 12
9018 5
9019 1
9020 2
9021 15
9022 4
9023 7
9024 2
9025 9
9026 0
9027 4
9028 5
9029 5
9030 5
9031 3
9032 1
9033 9
9034 5
9035 5
9036 3
9037 14
9038 1
9039 11
9040 6
9041 11
9042 1
9043 4
9044 6
9045 14
9046 4
9047 1
9048 4
9049 10
9050 3
9051 5
9052 1
9053 13
9054 5
9055 7
9056 2
9057 11
9058 2
9059 1
9060 7
9061 14
9062 3
9063 6
9064 1
9065 11
9066 4
9067 8
9068 7
9069 9
9070 3
9071 7
9072 1
9073 10
9074 2
9075 5
9076 3
9077 8
9078 5
9079 6
9080 2
9081 14
9082 6
9083 5
9084 2
9085 7
9086 2
9087 8
9088 4
9089 10
9090 4
9091 6
9092 3
9093 5
9094 7
9095 4
9096 6
9097 6
9098 6
9099 3
9100 2
9101 8
9102 3
9103 15
9104 3
9105 5
9106 2
9107 8
9108 2
9109 5
9110 8
9111 3
9112 2
9113 7
9114 6
9115 2
9116 2
9117 8
9118 5
9119 9
9120 2
9121 13
9122 1
9123 5
9124 5
9125 11
9126 2
9127 7
9128 4
9129 11
9130 4
9131 7
9132 3
9133 10
9134 9
9135 4
9136 2
9137 13
9138 1
9139 7
9140 7
9141 9
9142 11
9143 5
9144 2
9145 15
9146 6
9147 2
9148 5
9149 8
9150 4
9151 11
9152 4
9153 9
9154 1
9155 3
9156 7
9157 6
9158 6
9159 6
9160 3
9161 8
9162 5
9163 5
9164 3
9165 11
9166 6
9167 8
9168 5
9169 9
9170 1
9171 3
9172 10
9173 6
9174 5
9175 5
9176 7
9177 9
9178 5
9179 9
9180 5
9181 9
9182 5
9183 11
9184 2
9185 7
9186 2
9187 4
9188 10
9189 9
9190 8
9191 5
9192 2
9193 12
9194 0
9195 2
9196 6
9197 8
9198 9
9199 7
9200 5
9201 12
9202 1
9203 7
9204 9
9205 9
9206 3
9207 8
9208 5
9209 10
9210 3
9211 6
9212 6
9213 10
9214 4
9215 8
9216 1
9217 5
9218 0
9219 5
9220 9
9221 10
9222 4
9223 3
9224 3
9225 8
9226 2
9227 3
9228 2
9229 9
9230 6
9231 5
9232 2
9233 8
9234 0
9235 10
9236 10
9237 9
9238 4
9239 8
9240 3
9241 6
9242 1
9243 6
9244 0
9245 10
9246 3
9247 3
9248 3
9249 12
9250 1
9251 2
9252 1
9253 11
9254 3
9255 2
9256 0
9257 10
9258 2
9259 2
9260 4
9261 9
9262 5
9263 12
9264 1
9265 9
9266 1
9267 4
9268 9
9269 5
9270 3
9271 9
9272 3
9273 9
9274 5
9275 3
9276 3
9277 9
9278 2
9279 11
9280 3
9281 10
9282 2
9283 1
9284 2
9285 4
9286 0
9287 4
9288 3
9289 7
9290 1
9291 1
9292 3
9293 12
9294 4
9295 11
9296 3
9297 8
9298 4
9299 4
9300 3
9301 4
9302 3
9303 5
9304 3
9305 7
9306 4
9307 4
9308 2
9309 12
9310 2
9311 5
9312 5
9313 5
9314 0
9315 2
9316 3
9317 7
9318 2
9319 3
9320 2
9321 9
9322 2
9323 6
9324 3
9325 10
9326 6
9327 9
9328 0
9329 9
9330 0
9331 3
9332 5
9333 4
9334 0
9335 2
9336 1
9337 7
9338 5
9339 0
9340 3
9341 8
9342 4
9343 9
9344 0
9345 20
9346 2
9347 6
9348 4
9349 8
9350 2
9351 2
9352 3
9353 11
9354 6
9355 4
9356 2
9357 5
9358 8
9359 4
9360 2
9361 10
9362 0
9363 10
9364 5
9365 7
9366 3
9367 2
9368 4
9369 14
9370 4
9371 3
9372 3
9373 8
9374 6
9375 5
9376 6
9377 9
9378 0
9379 3
9380 6
9381 6
9382 2
9383 7
9384 6
9385 13
9386 4
9387 3
9388 0
9389 12
9390 2
9391 7
9392 1
9393 10
9394 2
9395 2
9396 5
9397 9
9398 6
9399 2
9400 5
9401 7
9402 4
9403 3
9404 4
9405 6
9406 5
9407 4
9408 4
9409 18
9410 0
9411 8
9412 3
9413 11
9414 4
9415 3
9416 4
9417 6
9418 1
9419 6
9420 1
9421 12
9422 7
9423 6
9424 2
9425 14
9426 2
9427 5
9428 5
9429 10
9430 4
9431 5
9432 2
9433 12
9434 2
9435 3
9436 4
9437 10
9438 3
9439 9
9440 3
9441 8
9442 1
9443 5
9444 1
9445 9
9446 1
9447 4
9448 4
9449 8
9450 6
9451 2
9452 4
9453 11
9454 2
9455 5
9456 0
9457 14
9458 1
9459 6
9460 4
9461 10
9462 9
9463 4
9464 2
9465 9
9466 3
9467 5
9468 1
9469 6
9470 3
9471 5
9472 2
9473 10
9474 2
9475 6
9476 2
9477 8
9478 2
9479 6
9480 2
9481 9
9482 6
9483 4
9484 3
9485 10
9486 4
9487 5
9488 0
9489 8
9490 0
9491 7
9492 6
9493 5
9494 2
9495 5
9496 4
9497 9
9498 3
9499 5
9500 2
9501 6
9502 3
9503 5
9504 2
9505 12
9506 4
9507 5
9508 5
9509 4
9510 3
9511 7
9512 1
9513 11
9514 3
9515 5
9516 2
9517 7
9518 5
9519 8
9520 6
9521 12
9522 2
9523 2
9524 1
9525 6
9526 4
9527 6
9528 3
9529 8
9530 3
9531 4
9532 2
9533 11
9534 9
9535 10
9536 3
9537 7
9538 1
9539 5
9540 7
9541 9
9542 7
9543 4
9544 1
9545 11
9546 5
9547 5
9548 4
9549 11
9550 5
9551 8
9552 2
9553 9
9554 2
9555 2
9556 2
9557 13
9558 4
9559 8
9560 2
9561 6
9562 4
9563 4
9564 2
9565 11
9566 4
9567 7
9568 5
9569 10
9570 3
9571 4
9572 6
9573 3
9574 3
9575 8
9576 2
9577 8
9578 6
9579 2
9580 3
9581 13
9582 5
9583 6
9584 3
9585 12
9586 3
9587 4
9588 7
9589 11
9590 2
9591 3
9592 2
9593 9
9594 3
9595 7
9596 4
9597 7
9598 4
9599 6
9600 2
9601 13
9602 4
9603 3
9604 6
9605 4
9606 3
9607 2
9608 4
9609 10
9610 4
9611 3
9612 2
9613 9
9614 4
9615 8
9616 2
9617 13
9618 3
9619 8
9620 3
9621 6
9622 6
9623 5
9624 3
9625 11
9626 1
9627 1
9628 4
9629 14
9630 3
9631 8
9632 4
9633 13
9634 2
9635 3
9636 7
9637 6
9638 9
9639 1
9640 5
9641 14
9642 5
9643 6
9644 2
9645 6
9646 5
9647 6
9648 0
9649 9
9650 2
9651 3
9652 3
9653 6
9654 0
9655 2
9656 4
9657 8
9658 6
9659 5
9660 0
9661 9
9662 5
9663 3
9664 2
9665 10
9666 2
9667 5
9668 9
9669 5
9670 5
9671 2
9672 3
9673 6
9674 5
9675 3
9676 5
9677 12
9678 5
9679 5
9680 5
9681 14
9682 1
9683 2
9684 3
9685 3
9686 8
9687 6
9688 2
9689 10
9690 4
9691 2
9692 2
9693 11
9694 5
9695 10
9696 2
9697 10
9698 1
9699 5
9700 3
9701 9
9702 2
9703 9
9704 3
9705 6
9706 3
9707 2
9708 2
9709 8
9710 4
9711 9
9712 2
9713 7
9714 0
9715 5
9716 11
9717 4
9718 4
9719 3
9720 1
9721 7
9722 6
9723 2
9724 6
9725 7
9726 6
9727 9
9728 2
9729 12
9730 3
9731 3
9732 7
9733 11
9734 5
9735 5
9736 3
9737 2
9738 2
9739 4
9740 3
9741 8
9742 6
9743 4
9744 1
9745 7
9746 0
9747 3
9748 4
9749 14
9750 5
9751 5
9752 1
9753 7
9754 3
9755 4
9756 5
9757 11
9758 4
9759 9
9760 2
9761 8
9762 2
9763 8
9764 3
9765 7
9766 3
9767 7
9768 5
9769 5
9770 3
9771 3
9772 4
9773 9
9774 3
9775 8
9776 0
9777 6
9778 1
9779 0
9780 5
9781 10
9782 7
9783 4
9784 7
9785 9
9786 2
9787 5
9788 2
9789 7
9790 10
9791 9
9792 4
9793 8
9794 3
9795 2
9796 5
9797 10
9798 4
9799 1
9800 5
9801 11
9802 2
9803 6
9804 3
9805 13
9806 5
9807 5
9808 2
9809 9
9810 3
9811 1
9812 9
9813 7
9814 7
9815 6
9816 3
9817 16
9818 8
9819 1
9820 0
9821 7
9822 4
9823 5
9824 1
9825 16
9826 3
9827 3
9828 5
9829 8
9830 5
9831 3
9832 7
9833 3
9834 5
9835 6
9836 3
9837 8
9838 6
9839 7
9840 7
9841 9
9842 1
9843 3
9844 3
9845 6
9846 3
9847 7
9848 4
9849 6
9850 2
9851 3
9852 2
9853 8
9854 6
9855 4
9856 6
9857 10
9858 1
9859 1
9860 2
9861 7
9862 4
9863 3
9864 5
9865 14
9866 7
9867 3
9868 1
9869 8
9870 6
9871 9
9872 0
9873 9
9874 0
9875 2
9876 6
9877 7
9878 1
9879 1
9880 1
9881 9
9882 3
9883 1
9884 0
9885 10
9886 4
9887 6
9888 4
9889 8
9890 0
9891 5
9892 4
9893 6
9894 3
9895 8
9896 2
9897 4
9898 3
9899 5
9900 3
9901 13
9902 6
9903 1
9904 2
9905 10
9906 3
9907 4
9908 7
9909 6
9910 6
9911 3
9912 4
9913 7
9914 7
9915 3
9916 4
9917 7
9918 1
9919 6
9920 5
9921 15
9922 3
9923 2
9924 2
9925 9
9926 4
9927 4
9928 2
9929 9
9930 3
9931 4
9932 3
9933 10
9934 6
9935 7
9936 4
9937 8
9938 4
9939 3
9940 4
9941 5
9942 2
9943 8
9944 2
9945 8
9946 3
9947 2
9948 4
9949 10
9950 5
9951 9
9952 2
9953 8
9954 2
9955 2
9956 2
9957 11
9958 4
9959 2
9960 4
9961 14
9962 5
9963 5
9964 1
9965 8
9966 3
9967 14
9968 0
9969 10
9970 2
9971 4
9972 4
9973 5
9974 1
9975 6
9976 1
9977 4
9978 1
9979 3
9980 5
9981 11
9982 5
9983 7
9984 3
9985 10
9986 0
9987 3
9988 5
9989 7
9990 5
9991 1
9992 1
9993 2
9994 3
9995 2
9996 7
9997 12
9998 4
9999 4
