0 5
1 3
2 4
3 4
4 1
5 2
6 1
7 1
8 1
9 2
10 1
11 0
12 2
13 1
14 2
15 1
16 6
17 4
18 9
19 10
20 6
21 5
22 2
23 5
24 2
25 3
26 2
27 3
28 3
29 1
30 3
31 4
32 3
33 4
34 3
35 5
36 0
37 2
38 0
39 4
40 0
41 2
42 2
43 5
44 1
45 1
46 1
47 4
48 5
49 2
50 1
51 1
52 6
53 2
54 0
55 2
56 2
57 4
58 3
59 2
60 4
61 0
62 5
63 5
64 21
65 22
66 23
67 34
68 26
69 21
70 22
71 31
72 21
73 20
74 24
75 22
76 24
77 35
78 33
79 24
80 47
81 43
82 51
83 49
84 37
85 32
86 26
87 37
88 25
89 24
90 34
91 29
92 31
93 16
94 27
95 32
96 19
97 28
98 14
99 19
100 12
101 14
102 17
103 14
104 8
105 12
106 15
107 10
108 9
109 7
110 5
111 9
112 6
113 2
114 2
115 7
116 1
117 2
118 1
119 4
120 1
121 1
122 3
123 1
124 1
125 1
126 1
127 5
128 7
129 3
130 5
131 3
132 4
133 3
134 2
135 4
136 3
137 3
138 4
139 6
140 7
141 2
142 3
143 2
144 2
145 11
146 10
147 4
148 4
149 1
150 3
151 5
152 4
153 2
154 4
155 2
156 9
157 4
158 5
159 6
160 6
161 4
162 5
163 8
164 3
165 0
166 2
167 3
168 3
169 4
170 4
171 3
172 3
173 2
174 3
175 4
176 4
177 1
178 4
179 3
180 2
181 1
182 1
183 0
184 3
185 1
186 1
187 2
188 1
189 1
190 3
191 3
192 7
193 4
194 3
195 12
196 3
197 1
198 2
199 3
200 5
201 5
202 4
203 2
204 5
205 3
206 2
207 4
208 7
209 10
210 9
211 11
212 2
213 8
214 2
215 6
216 0
217 2
218 6
219 7
220 5
221 5
222 2
223 4
224 4
225 2
226 4
227 2
228 3
229 2
230 2
231 0
232 2
233 2
234 2
235 4
236 4
237 0
238 1
239 0
240 6
241 7
242 6
243 10
244 2
245 3
246 4
247 2
248 1
249 6
250 4
251 6
252 2
253 2
254 5
255 7
256 7
257 8
258 5
259 9
260 5
261 8
262 9
263 2
264 3
265 5
266 5
267 5
268 3
269 3
270 1
271 5
272 6
273 1
274 9
275 6
276 0
277 1
278 2
279 0
280 1
281 4
282 6
283 7
284 4
285 2
286 2
287 3
288 5
289 2
290 3
291 5
292 0
293 1
294 0
295 3
296 1
297 2
298 1
299 3
300 3
301 1
302 0
303 2
304 6
305 8
306 10
307 16
308 5
309 10
310 5
311 6
312 4
313 3
314 9
315 8
316 5
317 11
318 5
319 9
320 10
321 11
322 15
323 6
324 3
325 5
326 4
327 5
328 4
329 6
330 8
331 9
332 3
333 3
334 3
335 3
336 2
337 5
338 2
339 5
340 2
341 1
342 0
343 1
344 2
345 3
346 5
347 2
348 2
349 1
350 0
351 2
352 5
353 4
354 3
355 3
356 3
357 3
358 0
359 7
360 0
361 5
362 0
363 2
364 1
365 1
366 1
367 2
368 3
369 2
370 6
371 9
372 3
373 5
374 5
375 4
376 7
377 1
378 5
379 6
380 8
381 1
382 3
383 3
384 4
385 3
386 5
387 6
388 7
389 3
390 2
391 3
392 2
393 1
394 2
395 1
396 0
397 0
398 2
399 2
400 3
401 4
402 3
403 3
404 0
405 2
406 1
407 2
408 1
409 3
410 3
411 5
412 7
413 1
414 2
415 0
416 6
417 6
418 4
419 13
420 3
421 3
422 3
423 1
424 5
425 5
426 1
427 4
428 2
429 4
430 4
431 2
432 9
433 9
434 1
435 3
436 3
437 2
438 2
439 2
440 2
441 9
442 3
443 8
444 3
445 1
446 2
447 2
448 4
449 1
450 4
451 4
452 2
453 0
454 0
455 2
456 4
457 1
458 1
459 0
460 1
461 0
462 3
463 1
464 6
465 4
466 6
467 5
468 2
469 3
470 5
471 8
472 2
473 8
474 6
475 3
476 10
477 1
478 5
479 1
480 7
481 3
482 6
483 15
484 6
485 3
486 1
487 2
488 6
489 1
490 5
491 4
492 3
493 3
494 6
495 6
496 6
497 4
498 7
499 8
500 4
501 3
502 4
503 4
504 3
505 5
506 4
507 6
508 3
509 5
510 0
511 7
512 0
513 4
514 2
515 5
516 5
517 3
518 2
519 5
520 3
521 3
522 0
523 2
524 2
525 0
526 2
527 3
528 19
529 18
530 22
531 27
532 9
533 12
534 16
535 15
536 10
537 19
538 15
539 17
540 17
541 9
542 14
543 10
544 14
545 19
546 13
547 15
548 10
549 14
550 8
551 9
552 11
553 7
554 15
555 13
556 10
557 3
558 6
559 4
560 3
561 6
562 3
563 6
564 0
565 0
566 3
567 1
568 1
569 1
570 2
571 3
572 4
573 0
574 2
575 0
576 4
577 4
578 2
579 7
580 4
581 3
582 1
583 4
584 2
585 5
586 1
587 3
588 4
589 0
590 2
591 4
592 4
593 3
594 9
595 3
596 9
597 5
598 0
599 2
600 2
601 5
602 7
603 6
604 1
605 2
606 1
607 3
608 3
609 7
610 4
611 7
612 3
613 4
614 5
615 4
616 2
617 6
618 2
619 4
620 4
621 2
622 6
623 1
624 3
625 3
626 7
627 4
628 1
629 0
630 0
631 4
632 2
633 3
634 4
635 3
636 2
637 4
638 1
639 5
640 8
641 5
642 12
643 10
644 4
645 1
646 3
647 3
648 2
649 3
650 4
651 10
652 2
653 6
654 2
655 6
656 7
657 5
658 5
659 6
660 2
661 1
662 1
663 2
664 2
665 7
666 10
667 2
668 0
669 2
670 2
671 3
672 0
673 3
674 3
675 1
676 1
677 1
678 5
679 2
680 0
681 2
682 1
683 0
684 0
685 0
686 1
687 2
688 1
689 3
690 4
691 1
692 1
693 0
694 0
695 2
696 1
697 2
698 1
699 3
700 1
701 2
702 1
703 4
704 7
705 7
706 1
707 5
708 2
709 3
710 4
711 3
712 0
713 0
714 6
715 3
716 4
717 2
718 3
719 3
720 1
721 3
722 5
723 5
724 3
725 3
726 1
727 4
728 3
729 5
730 2
731 4
732 3
733 2
734 2
735 3
736 3
737 5
738 1
739 5
740 2
741 3
742 0
743 5
744 2
745 3
746 2
747 5
748 3
749 2
750 1
751 2
752 7
753 9
754 15
755 23
756 13
757 16
758 9
759 8
760 6
761 12
762 10
763 6
764 9
765 7
766 10
767 10
768 26
769 17
770 22
771 22
772 16
773 9
774 11
775 11
776 8
777 11
778 12
779 21
780 12
781 16
782 19
783 14
784 11
785 8
786 18
787 14
788 9
789 6
790 5
791 13
792 9
793 2
794 10
795 9
796 6
797 5
798 5
799 3
800 0
801 3
802 1
803 4
804 2
805 1
806 0
807 0
808 0
809 3
810 2
811 1
812 1
813 1
814 1
815 0
816 7
817 4
818 6
819 4
820 1
821 4
822 0
823 1
824 2
825 4
826 6
827 1
828 5
829 3
830 0
831 3
832 2
833 5
834 9
835 7
836 0
837 2
838 3
839 5
840 1
841 3
842 0
843 2
844 3
845 3
846 3
847 4
848 5
849 6
850 1
851 5
852 3
853 1
854 0
855 2
856 1
857 4
858 2
859 4
860 1
861 3
862 4
863 2
864 14
865 8
866 10
867 8
868 5
869 4
870 2
871 6
872 5
873 7
874 5
875 8
876 9
877 4
878 8
879 7
880 17
881 12
882 10
883 25
884 13
885 10
886 6
887 6
888 2
889 8
890 9
891 10
892 7
893 11
894 2
895 9
896 9
897 12
898 12
899 10
900 1
901 2
902 1
903 8
904 4
905 1
906 7
907 3
908 6
909 6
910 7
911 3
912 0
913 1
914 1
915 5
916 1
917 1
918 1
919 3
920 2
921 3
922 4
923 2
924 4
925 2
926 0
927 3
928 4
929 7
930 6
931 7
932 5
933 2
934 4
935 5
936 4
937 5
938 3
939 1
940 5
941 1
942 1
943 4
944 1
945 1
946 3
947 7
948 3
949 2
950 2
951 1
952 0
953 2
954 0
955 3
956 5
957 0
958 1
959 2
960 4
961 1
962 6
963 10
964 2
965 0
966 0
967 3
968 2
969 2
970 3
971 3
972 3
973 0
974 1
975 4
976 20
977 29
978 22
979 22
980 20
981 31
982 20
983 23
984 20
985 26
986 17
987 22
988 26
989 26
990 24
991 30
992 37
993 56
994 43
995 54
996 35
997 37
998 44
999 37
1000 23
1001 33
1002 27
1003 33
1004 34
1005 27
1006 19
1007 29
1008 22
1009 23
1010 23
1011 29
1012 21
1013 24
1014 14
1015 13
1016 11
1017 11
1018 13
1019 8
1020 8
1021 12
1022 13
1023 11
1024 3
1025 2
1026 2
1027 1
1028 2
1029 4
1030 3
1031 1
1032 2
1033 1
1034 5
1035 8
1036 5
1037 3
1038 2
1039 3
1040 3
1041 2
1042 7
1043 11
1044 3
1045 3
1046 0
1047 2
1048 4
1049 3
1050 4
1051 4
1052 4
1053 0
1054 4
1055 4
1056 4
1057 5
1058 5
1059 2
1060 4
1061 2
1062 2
1063 2
1064 1
1065 1
1066 6
1067 1
1068 4
1069 1
1070 1
1071 0
1072 2
1073 3
1074 4
1075 3
1076 3
1077 1
1078 2
1079 0
1080 1
1081 3
1082 3
1083 1
1084 4
1085 0
1086 4
1087 0
1088 3
1089 5
1090 7
1091 5
1092 4
1093 5
1094 3
1095 3
1096 2
1097 3
1098 4
1099 3
1100 5
1101 3
1102 5
1103 2
1104 8
1105 12
1106 15
1107 11
1108 7
1109 7
1110 3
1111 10
1112 5
1113 7
1114 8
1115 3
1116 6
1117 3
1118 5
1119 6
1120 4
1121 7
1122 6
1123 5
1124 3
1125 8
1126 2
1127 3
1128 6
1129 2
1130 8
1131 6
1132 5
1133 1
1134 2
1135 0
1136 2
1137 2
1138 3
1139 3
1140 2
1141 0
1142 2
1143 0
1144 1
1145 3
1146 4
1147 1
1148 3
1149 3
1150 1
1151 4
1152 3
1153 5
1154 3
1155 6
1156 1
1157 1
1158 2
1159 4
1160 1
1161 4
1162 5
1163 2
1164 6
1165 3
1166 7
1167 1
1168 3
1169 0
1170 2
1171 4
1172 4
1173 1
1174 0
1175 4
1176 2
1177 2
1178 1
1179 4
1180 1
1181 3
1182 3
1183 3
1184 2
1185 2
1186 3
1187 4
1188 1
1189 1
1190 2
1191 0
1192 0
1193 3
1194 4
1195 3
1196 2
1197 3
1198 1
1199 4
1200 3
1201 2
1202 2
1203 2
1204 4
1205 1
1206 5
1207 3
1208 2
1209 4
1210 2
1211 3
1212 2
1213 3
1214 2
1215 5
1216 11
1217 10
1218 10
1219 17
1220 6
1221 9
1222 3
1223 5
1224 5
1225 8
1226 5
1227 7
1228 6
1229 4
1230 6
1231 7
1232 9
1233 7
1234 6
1235 12
1236 7
1237 5
1238 4
1239 7
1240 4
1241 5
1242 7
1243 8
1244 5
1245 3
1246 7
1247 7
1248 1
1249 2
1250 1
1251 4
1252 2
1253 1
1254 3
1255 2
1256 2
1257 3
1258 2
1259 0
1260 3
1261 3
1262 2
1263 3
1264 4
1265 5
1266 7
1267 7
1268 3
1269 3
1270 2
1271 3
1272 1
1273 2
1274 2
1275 1
1276 2
1277 2
1278 3
1279 3
1280 3
1281 5
1282 1
1283 4
1284 5
1285 3
1286 2
1287 8
1288 3
1289 3
1290 4
1291 1
1292 5
1293 1
1294 3
1295 3
1296 8
1297 6
1298 6
1299 4
1300 4
1301 0
1302 1
1303 5
1304 3
1305 3
1306 5
1307 2
1308 2
1309 4
1310 4
1311 1
1312 3
1313 3
1314 0
1315 1
1316 2
1317 1
1318 3
1319 3
1320 2
1321 2
1322 4
1323 5
1324 2
1325 2
1326 3
1327 1
1328 10
1329 6
1330 8
1331 10
1332 6
1333 5
1334 4
1335 7
1336 1
1337 3
1338 1
1339 4
1340 7
1341 0
1342 7
1343 3
1344 7
1345 7
1346 9
1347 4
1348 5
1349 3
1350 2
1351 1
1352 3
1353 4
1354 6
1355 2
1356 5
1357 2
1358 4
1359 4
1360 2
1361 4
1362 2
1363 2
1364 5
1365 3
1366 1
1367 2
1368 2
1369 0
1370 7
1371 2
1372 1
1373 0
1374 2
1375 1
1376 7
1377 6
1378 7
1379 10
1380 6
1381 5
1382 0
1383 4
1384 2
1385 1
1386 3
1387 4
1388 2
1389 3
1390 2
1391 0
1392 4
1393 8
1394 5
1395 13
1396 8
1397 6
1398 1
1399 2
1400 5
1401 3
1402 3
1403 5
1404 4
1405 3
1406 4
1407 2
1408 7
1409 4
1410 3
1411 5
1412 3
1413 1
1414 2
1415 3
1416 1
1417 2
1418 7
1419 1
1420 4
1421 1
1422 2
1423 4
1424 4
1425 4
1426 3
1427 2
1428 2
1429 3
1430 0
1431 1
1432 2
1433 2
1434 3
1435 3
1436 0
1437 1
1438 1
1439 1
1440 19
1441 12
1442 30
1443 26
1444 17
1445 17
1446 10
1447 14
1448 10
1449 14
1450 14
1451 10
1452 14
1453 8
1454 17
1455 13
1456 17
1457 23
1458 20
1459 17
1460 18
1461 18
1462 9
1463 12
1464 13
1465 5
1466 10
1467 11
1468 10
1469 8
1470 10
1471 7
1472 6
1473 3
1474 9
1475 7
1476 0
1477 0
1478 3
1479 1
1480 0
1481 3
1482 3
1483 2
1484 2
1485 1
1486 2
1487 3
1488 8
1489 6
1490 3
1491 4
1492 2
1493 5
1494 1
1495 6
1496 6
1497 4
1498 3
1499 4
1500 4
1501 4
1502 2
1503 1
1504 4
1505 7
1506 5
1507 6
1508 3
1509 1
1510 3
1511 3
1512 3
1513 4
1514 3
1515 4
1516 2
1517 4
1518 1
1519 3
1520 11
1521 4
1522 4
1523 5
1524 5
1525 0
1526 0
1527 3
1528 3
1529 2
1530 2
1531 2
1532 4
1533 2
1534 2
1535 3
1536 3
1537 4
1538 4
1539 6
1540 2
1541 4
1542 1
1543 3
1544 6
1545 1
1546 1
1547 2
1548 4
1549 0
1550 3
1551 2
1552 8
1553 5
1554 9
1555 6
1556 2
1557 3
1558 3
1559 2
1560 5
1561 6
1562 2
1563 3
1564 3
1565 2
1566 5
1567 6
1568 2
1569 7
1570 3
1571 5
1572 2
1573 2
1574 1
1575 3
1576 0
1577 3
1578 2
1579 3
1580 3
1581 3
1582 4
1583 5
1584 5
1585 2
1586 3
1587 4
1588 3
1589 0
1590 1
1591 3
1592 3
1593 2
1594 6
1595 3
1596 1
1597 1
1598 1
1599 0
1600 5
1601 6
1602 9
1603 4
1604 5
1605 0
1606 5
1607 6
1608 2
1609 4
1610 1
1611 1
1612 4
1613 4
1614 2
1615 4
1616 7
1617 4
1618 11
1619 6
1620 5
1621 6
1622 3
1623 8
1624 3
1625 7
1626 5
1627 5
1628 6
1629 7
1630 8
1631 0
1632 3
1633 2
1634 5
1635 5
1636 3
1637 2
1638 2
1639 2
1640 1
1641 9
1642 6
1643 1
1644 3
1645 2
1646 1
1647 2
1648 7
1649 5
1650 5
1651 6
1652 3
1653 4
1654 1
1655 4
1656 4
1657 1
1658 3
1659 3
1660 3
1661 3
1662 1
1663 5
1664 13
1665 10
1666 15
1667 14
1668 6
1669 8
1670 8
1671 11
1672 14
1673 11
1674 15
1675 5
1676 9
1677 4
1678 12
1679 14
1680 11
1681 6
1682 14
1683 9
1684 10
1685 7
1686 10
1687 10
1688 3
1689 5
1690 9
1691 7
1692 10
1693 5
1694 9
1695 5
1696 2
1697 1
1698 0
1699 2
1700 1
1701 4
1702 2
1703 2
1704 0
1705 0
1706 1
1707 1
1708 3
1709 0
1710 1
1711 2
1712 4
1713 9
1714 4
1715 7
1716 4
1717 2
1718 2
1719 6
1720 3
1721 3
1722 3
1723 1
1724 3
1725 1
1726 1
1727 2
1728 1
1729 6
1730 5
1731 7
1732 3
1733 4
1734 2
1735 3
1736 5
1737 1
1738 0
1739 2
1740 9
1741 3
1742 1
1743 1
1744 1
1745 4
1746 7
1747 5
1748 2
1749 2
1750 1
1751 3
1752 0
1753 2
1754 2
1755 5
1756 4
1757 5
1758 4
1759 3
1760 3
1761 2
1762 3
1763 6
1764 2
1765 3
1766 1
1767 5
1768 2
1769 3
1770 2
1771 4
1772 4
1773 5
1774 2
1775 3
1776 3
1777 9
1778 6
1779 10
1780 8
1781 7
1782 6
1783 11
1784 4
1785 4
1786 3
1787 7
1788 6
1789 6
1790 6
1791 7
1792 5
1793 3
1794 8
1795 7
1796 0
1797 6
1798 3
1799 5
1800 3
1801 2
1802 6
1803 10
1804 1
1805 4
1806 2
1807 5
1808 2
1809 2
1810 5
1811 4
1812 1
1813 0
1814 1
1815 1
1816 1
1817 1
1818 1
1819 0
1820 3
1821 1
1822 2
1823 0
1824 1
1825 4
1826 2
1827 1
1828 2
1829 0
1830 0
1831 0
1832 2
1833 2
1834 2
1835 1
1836 3
1837 0
1838 0
1839 3
1840 9
1841 8
1842 8
1843 5
1844 6
1845 3
1846 1
1847 4
1848 1
1849 5
1850 4
1851 1
1852 5
1853 1
1854 3
1855 2
1856 4
1857 5
1858 6
1859 8
1860 4
1861 4
1862 2
1863 3
1864 2
1865 4
1866 10
1867 4
1868 6
1869 3
1870 4
1871 2
1872 8
1873 6
1874 5
1875 3
1876 3
1877 3
1878 2
1879 4
1880 2
1881 1
1882 3
1883 2
1884 5
1885 4
1886 3
1887 4
1888 30
1889 25
1890 35
1891 31
1892 20
1893 26
1894 31
1895 38
1896 27
1897 23
1898 21
1899 22
1900 26
1901 32
1902 31
1903 29
1904 40
1905 36
1906 44
1907 57
1908 36
1909 42
1910 52
1911 42
1912 31
1913 23
1914 27
1915 29
1916 28
1917 34
1918 37
1919 26
1920 22
1921 17
1922 15
1923 21
1924 10
1925 14
1926 13
1927 18
1928 10
1929 8
1930 12
1931 11
1932 12
1933 9
1934 10
1935 15
1936 2
1937 2
1938 6
1939 1
1940 1
1941 2
1942 1
1943 0
1944 0
1945 2
1946 2
1947 1
1948 1
1949 2
1950 2
1951 1
1952 4
1953 5
1954 1
1955 4
1956 2
1957 3
1958 1
1959 1
1960 1
1961 1
1962 2
1963 3
1964 2
1965 5
1966 1
1967 1
1968 1
1969 8
1970 3
1971 9
1972 2
1973 4
1974 1
1975 3
1976 3
1977 2
1978 1
1979 1
1980 1
1981 4
1982 3
1983 4
1984 5
1985 6
1986 8
1987 7
1988 3
1989 1
1990 0
1991 7
1992 1
1993 5
1994 1
1995 4
1996 2
1997 1
1998 1
1999 4
2000 5
2001 8
2002 14
2003 10
2004 3
2005 3
2006 4
2007 5
2008 3
2009 6
2010 8
2011 4
2012 8
2013 8
2014 6
2015 7
2016 13
2017 5
2018 11
2019 15
2020 8
2021 6
2022 8
2023 3
2024 4
2025 3
2026 7
2027 8
2028 5
2029 6
2030 10
2031 7
2032 5
2033 4
2034 10
2035 7
2036 6
2037 2
2038 2
2039 4
2040 7
2041 2
2042 7
2043 3
2044 6
2045 3
2046 6
2047 2
2048 3
2049 3
2050 4
2051 1
2052 1
2053 1
2054 1
2055 5
2056 1
2057 3
2058 2
2059 2
2060 3
2061 0
2062 1
2063 1
2064 2
2065 8
2066 6
2067 6
2068 1
2069 1
2070 2
2071 4
2072 0
2073 2
2074 3
2075 3
2076 3
2077 2
2078 6
2079 2
2080 4
2081 4
2082 7
2083 4
2084 2
2085 2
2086 1
2087 2
2088 2
2089 3
2090 3
2091 6
2092 3
2093 4
2094 2
2095 2
2096 4
2097 1
2098 2
2099 3
2100 2
2101 5
2102 2
2103 2
2104 4
2105 6
2106 1
2107 4
2108 0
2109 3
2110 0
2111 3
2112 7
2113 9
2114 8
2115 20
2116 13
2117 9
2118 7
2119 5
2120 2
2121 3
2122 7
2123 6
2124 7
2125 13
2126 10
2127 10
2128 14
2129 15
2130 19
2131 29
2132 26
2133 10
2134 9
2135 17
2136 14
2137 6
2138 10
2139 14
2140 8
2141 10
2142 8
2143 16
2144 10
2145 7
2146 12
2147 10
2148 3
2149 7
2150 4
2151 6
2152 4
2153 1
2154 12
2155 7
2156 6
2157 7
2158 1
2159 8
2160 1
2161 5
2162 3
2163 3
2164 5
2165 4
2166 1
2167 3
2168 1
2169 6
2170 1
2171 1
2172 5
2173 0
2174 1
2175 1
2176 2
2177 6
2178 6
2179 5
2180 3
2181 2
2182 3
2183 1
2184 0
2185 1
2186 2
2187 4
2188 3
2189 2
2190 2
2191 4
2192 3
2193 3
2194 6
2195 3
2196 2
2197 2
2198 1
2199 1
2200 0
2201 2
2202 6
2203 1
2204 0
2205 3
2206 1
2207 2
2208 3
2209 3
2210 2
2211 4
2212 1
2213 1
2214 1
2215 1
2216 2
2217 1
2218 1
2219 0
2220 2
2221 3
2222 3
2223 2
2224 12
2225 10
2226 8
2227 10
2228 8
2229 6
2230 3
2231 9
2232 7
2233 3
2234 6
2235 1
2236 7
2237 4
2238 8
2239 7
2240 14
2241 8
2242 18
2243 16
2244 11
2245 4
2246 5
2247 8
2248 9
2249 6
2250 12
2251 9
2252 8
2253 6
2254 8
2255 6
2256 9
2257 3
2258 7
2259 5
2260 3
2261 5
2262 5
2263 8
2264 3
2265 1
2266 5
2267 1
2268 7
2269 2
2270 1
2271 5
2272 4
2273 0
2274 3
2275 3
2276 0
2277 1
2278 0
2279 4
2280 0
2281 2
2282 8
2283 1
2284 2
2285 4
2286 4
2287 3
2288 7
2289 10
2290 5
2291 4
2292 3
2293 2
2294 3
2295 6
2296 3
2297 6
2298 4
2299 3
2300 4
2301 2
2302 6
2303 5
2304 3
2305 2
2306 3
2307 2
2308 0
2309 2
2310 2
2311 4
2312 3
2313 8
2314 6
2315 6
2316 4
2317 3
2318 1
2319 2
2320 3
2321 2
2322 2
2323 5
2324 1
2325 1
2326 4
2327 2
2328 0
2329 3
2330 4
2331 1
2332 2
2333 2
2334 0
2335 3
2336 1
2337 2
2338 3
2339 2
2340 1
2341 2
2342 3
2343 0
2344 1
2345 4
2346 2
2347 1
2348 0
2349 2
2350 2
2351 2
2352 13
2353 12
2354 16
2355 23
2356 16
2357 14
2358 16
2359 14
2360 11
2361 14
2362 8
2363 5
2364 9
2365 15
2366 11
2367 17
2368 16
2369 16
2370 15
2371 20
2372 18
2373 9
2374 11
2375 19
2376 5
2377 4
2378 11
2379 11
2380 7
2381 16
2382 12
2383 10
2384 3
2385 3
2386 1
2387 7
2388 3
2389 1
2390 0
2391 2
2392 0
2393 2
2394 3
2395 2
2396 0
2397 2
2398 2
2399 3
2400 6
2401 5
2402 6
2403 5
2404 2
2405 4
2406 3
2407 2
2408 2
2409 4
2410 3
2411 7
2412 2
2413 3
2414 6
2415 5
2416 8
2417 3
2418 11
2419 1
2420 1
2421 4
2422 3
2423 5
2424 2
2425 3
2426 2
2427 3
2428 4
2429 6
2430 2
2431 2
2432 8
2433 1
2434 10
2435 5
2436 0
2437 3
2438 0
2439 3
2440 3
2441 6
2442 5
2443 0
2444 3
2445 1
2446 2
2447 2
2448 2
2449 1
2450 4
2451 3
2452 1
2453 0
2454 0
2455 1
2456 0
2457 1
2458 3
2459 4
2460 1
2461 2
2462 2
2463 2
2464 6
2465 2
2466 11
2467 3
2468 2
2469 3
2470 5
2471 4
2472 3
2473 4
2474 2
2475 3
2476 3
2477 5
2478 3
2479 4
2480 6
2481 10
2482 5
2483 7
2484 8
2485 0
2486 3
2487 6
2488 0
2489 3
2490 5
2491 7
2492 3
2493 4
2494 3
2495 2
2496 6
2497 2
2498 2
2499 3
2500 1
2501 1
2502 2
2503 3
2504 3
2505 4
2506 2
2507 4
2508 5
2509 4
2510 1
2511 0
2512 8
2513 2
2514 6
2515 11
2516 7
2517 0
2518 1
2519 3
2520 1
2521 4
2522 5
2523 3
2524 5
2525 3
2526 0
2527 1
2528 7
2529 3
2530 9
2531 11
2532 6
2533 8
2534 2
2535 2
2536 7
2537 6
2538 6
2539 3
2540 2
2541 2
2542 4
2543 5
2544 9
2545 6
2546 4
2547 7
2548 5
2549 3
2550 4
2551 1
2552 0
2553 6
2554 5
2555 4
2556 3
2557 3
2558 6
2559 5
2560 3
2561 1
2562 2
2563 4
2564 6
2565 6
2566 0
2567 1
2568 2
2569 3
2570 2
2571 4
2572 3
2573 0
2574 0
2575 4
2576 14
2577 12
2578 17
2579 14
2580 13
2581 10
2582 7
2583 7
2584 5
2585 6
2586 8
2587 10
2588 8
2589 6
2590 8
2591 7
2592 9
2593 18
2594 13
2595 9
2596 9
2597 6
2598 5
2599 0
2600 3
2601 4
2602 8
2603 5
2604 6
2605 11
2606 2
2607 4
2608 5
2609 1
2610 1
2611 4
2612 0
2613 3
2614 3
2615 3
2616 2
2617 4
2618 2
2619 1
2620 1
2621 1
2622 1
2623 2
2624 9
2625 9
2626 5
2627 1
2628 3
2629 4
2630 1
2631 1
2632 2
2633 4
2634 4
2635 3
2636 5
2637 5
2638 4
2639 6
2640 2
2641 6
2642 4
2643 8
2644 1
2645 3
2646 2
2647 6
2648 0
2649 6
2650 4
2651 1
2652 5
2653 2
2654 2
2655 5
2656 5
2657 3
2658 4
2659 9
2660 4
2661 2
2662 3
2663 3
2664 1
2665 1
2666 3
2667 2
2668 2
2669 3
2670 5
2671 5
2672 7
2673 1
2674 5
2675 6
2676 6
2677 0
2678 1
2679 6
2680 3
2681 1
2682 4
2683 5
2684 3
2685 4
2686 5
2687 0
2688 11
2689 5
2690 9
2691 11
2692 9
2693 4
2694 6
2695 8
2696 6
2697 11
2698 3
2699 3
2700 2
2701 7
2702 2
2703 3
2704 7
2705 5
2706 5
2707 10
2708 1
2709 3
2710 3
2711 4
2712 5
2713 5
2714 11
2715 2
2716 2
2717 5
2718 2
2719 2
2720 2
2721 0
2722 4
2723 4
2724 0
2725 0
2726 1
2727 2
2728 2
2729 2
2730 1
2731 0
2732 1
2733 1
2734 0
2735 2
2736 11
2737 6
2738 6
2739 4
2740 3
2741 3
2742 0
2743 4
2744 1
2745 11
2746 2
2747 4
2748 3
2749 1
2750 3
2751 1
2752 3
2753 5
2754 5
2755 8
2756 8
2757 4
2758 3
2759 7
2760 6
2761 4
2762 5
2763 3
2764 3
2765 4
2766 7
2767 4
2768 2
2769 1
2770 7
2771 6
2772 6
2773 8
2774 2
2775 3
2776 3
2777 1
2778 3
2779 0
2780 5
2781 3
2782 4
2783 5
2784 13
2785 6
2786 5
2787 1
2788 4
2789 0
2790 1
2791 2
2792 2
2793 3
2794 4
2795 6
2796 4
2797 1
2798 4
2799 3
2800 25
2801 27
2802 29
2803 34
2804 29
2805 21
2806 20
2807 19
2808 24
2809 16
2810 19
2811 18
2812 16
2813 18
2814 23
2815 18
2816 26
2817 17
2818 16
2819 23
2820 19
2821 26
2822 18
2823 19
2824 21
2825 12
2826 13
2827 8
2828 8
2829 9
2830 6
2831 14
2832 5
2833 2
2834 2
2835 3
2836 2
2837 4
2838 1
2839 4
2840 0
2841 5
2842 3
2843 0
2844 3
2845 0
2846 0
2847 1
2848 3
2849 1
2850 3
2851 4
2852 1
2853 2
2854 0
2855 2
2856 3
2857 1
2858 1
2859 1
2860 1
2861 0
2862 5
2863 2
2864 4
2865 5
2866 6
2867 7
2868 2
2869 6
2870 2
2871 1
2872 2
2873 4
2874 4
2875 3
2876 2
2877 3
2878 3
2879 3
2880 10
2881 6
2882 5
2883 10
2884 5
2885 1
2886 1
2887 4
2888 2
2889 2
2890 4
2891 1
2892 5
2893 1
2894 1
2895 3
2896 5
2897 5
2898 4
2899 7
2900 2
2901 6
2902 2
2903 3
2904 3
2905 2
2906 2
2907 0
2908 5
2909 3
2910 1
2911 4
2912 5
2913 8
2914 11
2915 15
2916 8
2917 4
2918 7
2919 6
2920 6
2921 4
2922 11
2923 4
2924 3
2925 10
2926 6
2927 1
2928 7
2929 13
2930 15
2931 16
2932 5
2933 12
2934 7
2935 11
2936 7
2937 10
2938 4
2939 11
2940 10
2941 4
2942 8
2943 4
2944 6
2945 3
2946 2
2947 9
2948 5
2949 1
2950 4
2951 6
2952 5
2953 2
2954 4
2955 3
2956 4
2957 3
2958 6
2959 2
2960 5
2961 2
2962 2
2963 3
2964 2
2965 1
2966 3
2967 2
2968 1
2969 0
2970 3
2971 2
2972 1
2973 1
2974 2
2975 1
2976 3
2977 3
2978 6
2979 8
2980 4
2981 6
2982 0
2983 1
2984 3
2985 0
2986 2
2987 5
2988 4
2989 0
2990 3
2991 4
2992 7
2993 2
2994 8
2995 3
2996 3
2997 4
2998 0
2999 2
3000 1
3001 2
3002 3
3003 5
3004 1
3005 0
3006 5
3007 5
3008 2
3009 5
3010 10
3011 5
3012 0
3013 2
3014 2
3015 1
3016 2
3017 5
3018 2
3019 2
3020 2
3021 2
3022 5
3023 2
3024 14
3025 9
3026 20
3027 13
3028 11
3029 9
3030 7
3031 7
3032 4
3033 9
3034 6
3035 5
3036 8
3037 6
3038 10
3039 9
3040 18
3041 17
3042 21
3043 15
3044 13
3045 13
3046 9
3047 15
3048 12
3049 8
3050 11
3051 6
3052 6
3053 6
3054 12
3055 14
3056 11
3057 7
3058 4
3059 9
3060 4
3061 4
3062 4
3063 5
3064 2
3065 10
3066 11
3067 6
3068 2
3069 4
3070 1
3071 3
3072 3
3073 4
3074 7
3075 2
3076 1
3077 2
3078 1
3079 4
3080 1
3081 1
3082 1
3083 5
3084 0
3085 2
3086 1
3087 4
3088 1
3089 4
3090 4
3091 7
3092 2
3093 0
3094 2
3095 1
3096 0
3097 2
3098 2
3099 1
3100 5
3101 1
3102 6
3103 5
3104 2
3105 5
3106 3
3107 10
3108 2
3109 3
3110 2
3111 3
3112 0
3113 1
3114 1
3115 3
3116 0
3117 7
3118 3
3119 3
3120 6
3121 2
3122 2
3123 6
3124 5
3125 0
3126 3
3127 2
3128 5
3129 7
3130 6
3131 2
3132 4
3133 0
3134 2
3135 3
3136 10
3137 6
3138 12
3139 16
3140 8
3141 6
3142 3
3143 5
3144 2
3145 5
3146 3
3147 5
3148 9
3149 4
3150 6
3151 7
3152 10
3153 14
3154 14
3155 21
3156 8
3157 7
3158 6
3159 9
3160 7
3161 5
3162 12
3163 5
3164 9
3165 15
3166 5
3167 5
3168 8
3169 1
3170 3
3171 7
3172 1
3173 5
3174 4
3175 2
3176 3
3177 2
3178 9
3179 2
3180 3
3181 2
3182 2
3183 2
3184 2
3185 3
3186 2
3187 0
3188 1
3189 2
3190 2
3191 1
3192 2
3193 3
3194 3
3195 0
3196 1
3197 0
3198 2
3199 3
3200 3
3201 2
3202 9
3203 9
3204 2
3205 3
3206 3
3207 3
3208 1
3209 5
3210 4
3211 1
3212 5
3213 2
3214 5
3215 2
3216 7
3217 3
3218 1
3219 3
3220 2
3221 4
3222 1
3223 1
3224 1
3225 2
3226 7
3227 2
3228 1
3229 3
3230 3
3231 2
3232 4
3233 6
3234 5
3235 4
3236 4
3237 1
3238 3
3239 5
3240 2
3241 2
3242 5
3243 1
3244 3
3245 3
3246 1
3247 0
3248 18
3249 12
3250 12
3251 18
3252 11
3253 18
3254 9
3255 8
3256 5
3257 6
3258 15
3259 5
3260 11
3261 11
3262 11
3263 9
3264 24
3265 18
3266 39
3267 37
3268 23
3269 18
3270 21
3271 31
3272 14
3273 19
3274 13
3275 20
3276 20
3277 23
3278 14
3279 25
3280 18
3281 15
3282 12
3283 23
3284 15
3285 14
3286 7
3287 10
3288 8
3289 15
3290 9
3291 10
3292 12
3293 0
3294 10
3295 3
3296 2
3297 1
3298 4
3299 7
3300 4
3301 3
3302 1
3303 2
3304 0
3305 3
3306 5
3307 2
3308 2
3309 2
3310 1
3311 7
3312 3
3313 4
3314 4
3315 2
3316 1
3317 2
3318 0
3319 0
3320 3
3321 3
3322 6
3323 1
3324 3
3325 0
3326 2
3327 0
3328 4
3329 2
3330 4
3331 4
3332 5
3333 2
3334 2
3335 4
3336 0
3337 2
3338 2
3339 2
3340 5
3341 1
3342 1
3343 2
3344 2
3345 3
3346 5
3347 3
3348 0
3349 1
3350 2
3351 3
3352 1
3353 2
3354 2
3355 0
3356 0
3357 1
3358 1
3359 2
3360 8
3361 10
3362 7
3363 13
3364 1
3365 4
3366 3
3367 10
3368 3
3369 2
3370 10
3371 3
3372 5
3373 1
3374 6
3375 3
3376 9
3377 6
3378 9
3379 6
3380 2
3381 7
3382 4
3383 3
3384 3
3385 12
3386 7
3387 6
3388 5
3389 6
3390 5
3391 5
3392 10
3393 11
3394 7
3395 7
3396 6
3397 1
3398 3
3399 5
3400 4
3401 3
3402 6
3403 8
3404 7
3405 3
3406 1
3407 6
3408 3
3409 4
3410 0
3411 2
3412 1
3413 2
3414 3
3415 3
3416 2
3417 2
3418 5
3419 3
3420 3
3421 2
3422 2
3423 3
3424 7
3425 7
3426 9
3427 9
3428 4
3429 7
3430 2
3431 6
3432 5
3433 6
3434 3
3435 4
3436 2
3437 6
3438 3
3439 2
3440 5
3441 1
3442 6
3443 10
3444 1
3445 1
3446 0
3447 0
3448 2
3449 5
3450 3
3451 0
3452 2
3453 2
3454 1
3455 2
3456 4
3457 2
3458 3
3459 6
3460 0
3461 2
3462 0
3463 2
3464 7
3465 0
3466 1
3467 2
3468 1
3469 1
3470 0
3471 3
3472 2
3473 5
3474 1
3475 4
3476 1
3477 1
3478 0
3479 2
3480 0
3481 5
3482 2
3483 3
3484 0
3485 0
3486 1
3487 0
3488 5
3489 13
3490 16
3491 15
3492 9
3493 12
3494 15
3495 9
3496 6
3497 14
3498 5
3499 4
3500 11
3501 10
3502 10
3503 10
3504 16
3505 7
3506 10
3507 11
3508 9
3509 5
3510 5
3511 10
3512 5
3513 7
3514 5
3515 9
3516 9
3517 2
3518 7
3519 6
3520 4
3521 1
3522 5
3523 5
3524 3
3525 2
3526 1
3527 3
3528 2
3529 2
3530 2
3531 2
3532 1
3533 1
3534 1
3535 5
3536 5
3537 3
3538 4
3539 6
3540 1
3541 1
3542 2
3543 7
3544 3
3545 1
3546 6
3547 4
3548 4
3549 1
3550 2
3551 3
3552 5
3553 7
3554 6
3555 5
3556 4
3557 5
3558 2
3559 7
3560 2
3561 3
3562 4
3563 1
3564 0
3565 0
3566 4
3567 5
3568 3
3569 5
3570 6
3571 7
3572 4
3573 3
3574 5
3575 4
3576 2
3577 4
3578 3
3579 3
3580 4
3581 3
3582 2
3583 0
3584 4
3585 0
3586 3
3587 3
3588 3
3589 0
3590 2
3591 3
3592 2
3593 3
3594 0
3595 2
3596 0
3597 0
3598 2
3599 1
3600 9
3601 11
3602 7
3603 10
3604 3
3605 6
3606 3
3607 7
3608 6
3609 1
3610 6
3611 5
3612 4
3613 4
3614 6
3615 7
3616 11
3617 16
3618 11
3619 8
3620 8
3621 5
3622 0
3623 10
3624 1
3625 5
3626 6
3627 1
3628 5
3629 2
3630 8
3631 6
3632 2
3633 2
3634 5
3635 3
3636 2
3637 2
3638 1
3639 3
3640 0
3641 1
3642 6
3643 6
3644 3
3645 2
3646 2
3647 3
3648 6
3649 9
3650 6
3651 3
3652 5
3653 3
3654 1
3655 5
3656 3
3657 2
3658 6
3659 1
3660 4
3661 1
3662 3
3663 3
3664 9
3665 4
3666 8
3667 9
3668 6
3669 5
3670 3
3671 4
3672 0
3673 5
3674 4
3675 2
3676 2
3677 1
3678 5
3679 2
3680 5
3681 3
3682 3
3683 7
3684 3
3685 3
3686 3
3687 4
3688 0
3689 4
3690 4
3691 5
3692 1
3693 1
3694 4
3695 3
3696 2
3697 1
3698 1
3699 4
3700 1
3701 1
3702 2
3703 3
3704 1
3705 3
3706 1
3707 3
3708 0
3709 4
3710 1
3711 3
3712 25
3713 31
3714 30
3715 36
3716 28
3717 19
3718 24
3719 26
3720 18
3721 20
3722 20
3723 20
3724 20
3725 17
3726 23
3727 17
3728 26
3729 23
3730 23
3731 25
3732 31
3733 21
3734 18
3735 14
3736 11
3737 18
3738 18
3739 14
3740 20
3741 22
3742 19
3743 21
3744 2
3745 5
3746 1
3747 2
3748 1
3749 4
3750 1
3751 3
3752 1
3753 3
3754 1
3755 0
3756 3
3757 1
3758 1
3759 3
3760 5
3761 3
3762 4
3763 10
3764 5
3765 1
3766 3
3767 6
3768 4
3769 7
3770 5
3771 1
3772 5
3773 3
3774 3
3775 1
3776 7
3777 5
3778 8
3779 5
3780 3
3781 2
3782 0
3783 3
3784 8
3785 4
3786 6
3787 2
3788 9
3789 6
3790 1
3791 3
3792 6
3793 4
3794 5
3795 2
3796 5
3797 3
3798 4
3799 4
3800 0
3801 2
3802 5
3803 4
3804 4
3805 1
3806 0
3807 1
3808 8
3809 4
3810 3
3811 4
3812 4
3813 1
3814 1
3815 6
3816 1
3817 4
3818 6
3819 0
3820 2
3821 1
3822 6
3823 3
3824 10
3825 6
3826 9
3827 7
3828 3
3829 2
3830 2
3831 7
3832 5
3833 4
3834 4
3835 6
3836 7
3837 4
3838 5
3839 4
3840 6
3841 5
3842 7
3843 2
3844 0
3845 4
3846 4
3847 5
3848 5
3849 3
3850 5
3851 5
3852 5
3853 4
3854 4
3855 2
3856 2
3857 1
3858 1
3859 4
3860 2
3861 1
3862 1
3863 0
3864 0
3865 0
3866 4
3867 0
3868 2
3869 1
3870 0
3871 2
3872 4
3873 7
3874 4
3875 5
3876 6
3877 3
3878 4
3879 8
3880 0
3881 5
3882 0
3883 3
3884 1
3885 0
3886 5
3887 3
3888 4
3889 5
3890 11
3891 11
3892 3
3893 3
3894 3
3895 6
3896 4
3897 2
3898 4
3899 2
3900 6
3901 1
3902 7
3903 5
3904 6
3905 5
3906 6
3907 4
3908 4
3909 3
3910 1
3911 1
3912 1
3913 3
3914 3
3915 4
3916 5
3917 4
3918 2
3919 3
3920 3
3921 5
3922 6
3923 5
3924 2
3925 1
3926 0
3927 2
3928 1
3929 0
3930 2
3931 4
3932 3
3933 2
3934 4
3935 2
3936 8
3937 8
3938 13
3939 12
3940 6
3941 8
3942 5
3943 7
3944 4
3945 8
3946 6
3947 2
3948 14
3949 8
3950 13
3951 7
3952 13
3953 7
3954 15
3955 12
3956 8
3957 7
3958 8
3959 5
3960 4
3961 6
3962 12
3963 10
3964 1
3965 3
3966 8
3967 2
3968 2
3969 1
3970 2
3971 0
3972 0
3973 0
3974 0
3975 3
3976 0
3977 1
3978 0
3979 1
3980 4
3981 0
3982 2
3983 2
3984 3
3985 2
3986 7
3987 0
3988 1
3989 2
3990 1
3991 0
3992 0
3993 4
3994 3
3995 0
3996 5
3997 0
3998 2
3999 1
4000 6
4001 2
4002 3
4003 2
4004 5
4005 2
4006 2
4007 4
4008 1
4009 3
4010 5
4011 3
4012 1
4013 1
4014 3
4015 5
4016 2
4017 6
4018 7
4019 2
4020 3
4021 1
4022 1
4023 4
4024 1
4025 8
4026 1
4027 3
4028 1
4029 3
4030 5
4031 3
4032 6
4033 3
4034 4
4035 3
4036 3
4037 1
4038 2
4039 0
4040 4
4041 2
4042 1
4043 0
4044 5
4045 2
4046 5
4047 1
4048 13
4049 4
4050 12
4051 17
4052 4
4053 3
4054 4
4055 4
4056 5
4057 7
4058 3
4059 4
4060 5
4061 5
4062 5
4063 9
4064 7
4065 12
4066 17
4067 16
4068 8
4069 3
4070 5
4071 10
4072 3
4073 4
4074 8
4075 6
4076 5
4077 7
4078 10
4079 10
4080 8
4081 4
4082 10
4083 5
4084 2
4085 1
4086 2
4087 4
4088 1
4089 1
4090 8
4091 2
4092 5
4093 5
4094 4
4095 1
4096 1
4097 0
4098 1
4099 2
4100 1
4101 1
4102 1
4103 0
4104 0
4105 3
4106 1
4107 4
4108 3
4109 0
4110 2
4111 1
4112 3
4113 5
4114 7
4115 7
4116 3
4117 3
4118 2
4119 4
4120 0
4121 5
4122 4
4123 6
4124 4
4125 6
4126 2
4127 1
4128 5
4129 4
4130 12
4131 5
4132 3
4133 5
4134 3
4135 2
4136 2
4137 4
4138 4
4139 2
4140 1
4141 5
4142 7
4143 5
4144 4
4145 2
4146 6
4147 4
4148 4
4149 0
4150 1
4151 4
4152 5
4153 2
4154 5
4155 3
4156 5
4157 1
4158 2
4159 4
4160 13
4161 14
4162 18
4163 20
4164 10
4165 11
4166 9
4167 8
4168 8
4169 8
4170 15
4171 15
4172 14
4173 12
4174 11
4175 9
4176 16
4177 27
4178 37
4179 43
4180 21
4181 15
4182 16
4183 24
4184 15
4185 19
4186 20
4187 18
4188 16
4189 20
4190 12
4191 18
4192 10
4193 15
4194 19
4195 18
4196 11
4197 16
4198 15
4199 7
4200 8
4201 8
4202 9
4203 6
4204 7
4205 7
4206 8
4207 2
4208 2
4209 4
4210 2
4211 0
4212 1
4213 2
4214 0
4215 0
4216 3
4217 4
4218 2
4219 2
4220 2
4221 1
4222 0
4223 3
4224 5
4225 2
4226 7
4227 5
4228 4
4229 3
4230 1
4231 1
4232 1
4233 0
4234 1
4235 2
4236 6
4237 1
4238 2
4239 4
4240 2
4241 4
4242 2
4243 2
4244 2
4245 6
4246 5
4247 4
4248 1
4249 3
4250 2
4251 2
4252 2
4253 2
4254 1
4255 4
4256 1
4257 3
4258 3
4259 4
4260 3
4261 0
4262 1
4263 0
4264 0
4265 1
4266 1
4267 0
4268 2
4269 0
4270 5
4271 3
4272 10
4273 5
4274 8
4275 10
4276 8
4277 3
4278 5
4279 3
4280 3
4281 4
4282 5
4283 6
4284 4
4285 0
4286 5
4287 3
4288 7
4289 9
4290 11
4291 14
4292 9
4293 10
4294 3
4295 8
4296 5
4297 4
4298 10
4299 8
4300 4
4301 2
4302 4
4303 7
4304 5
4305 3
4306 6
4307 4
4308 6
4309 5
4310 4
4311 7
4312 3
4313 4
4314 5
4315 2
4316 1
4317 6
4318 2
4319 4
4320 5
4321 4
4322 3
4323 0
4324 3
4325 3
4326 2
4327 1
4328 3
4329 4
4330 3
4331 1
4332 1
4333 1
4334 3
4335 2
4336 5
4337 6
4338 8
4339 4
4340 3
4341 2
4342 3
4343 4
4344 2
4345 3
4346 6
4347 2
4348 6
4349 2
4350 3
4351 2
4352 4
4353 4
4354 3
4355 3
4356 2
4357 0
4358 2
4359 0
4360 1
4361 2
4362 2
4363 4
4364 0
4365 0
4366 1
4367 3
4368 5
4369 7
4370 5
4371 7
4372 0
4373 1
4374 0
4375 3
4376 1
4377 3
4378 1
4379 3
4380 6
4381 3
4382 4
4383 0
4384 11
4385 10
4386 21
4387 17
4388 11
4389 7
4390 2
4391 6
4392 6
4393 13
4394 7
4395 4
4396 7
4397 8
4398 9
4399 8
4400 19
4401 20
4402 34
4403 25
4404 17
4405 20
4406 16
4407 18
4408 14
4409 12
4410 12
4411 10
4412 21
4413 12
4414 17
4415 17
4416 7
4417 17
4418 10
4419 14
4420 11
4421 4
4422 5
4423 13
4424 6
4425 3
4426 10
4427 11
4428 6
4429 3
4430 3
4431 6
4432 5
4433 3
4434 8
4435 2
4436 3
4437 2
4438 1
4439 4
4440 2
4441 1
4442 3
4443 1
4444 1
4445 5
4446 3
4447 0
4448 2
4449 5
4450 6
4451 5
4452 7
4453 3
4454 3
4455 4
4456 2
4457 6
4458 3
4459 5
4460 3
4461 5
4462 6
4463 3
4464 4
4465 1
4466 1
4467 5
4468 3
4469 3
4470 1
4471 0
4472 2
4473 1
4474 6
4475 3
4476 2
4477 1
4478 0
4479 1
4480 3
4481 4
4482 4
4483 4
4484 4
4485 0
4486 2
4487 0
4488 1
4489 4
4490 1
4491 1
4492 3
4493 3
4494 4
4495 1
4496 10
4497 9
4498 11
4499 15
4500 2
4501 3
4502 5
4503 4
4504 2
4505 4
4506 2
4507 0
4508 4
4509 9
4510 10
4511 9
4512 12
4513 11
4514 20
4515 14
4516 12
4517 15
4518 8
4519 15
4520 2
4521 5
4522 7
4523 7
4524 14
4525 7
4526 7
4527 14
4528 6
4529 7
4530 11
4531 7
4532 3
4533 3
4534 6
4535 6
4536 4
4537 4
4538 7
4539 2
4540 4
4541 3
4542 4
4543 1
4544 1
4545 5
4546 0
4547 6
4548 0
4549 1
4550 2
4551 0
4552 1
4553 4
4554 7
4555 2
4556 5
4557 4
4558 6
4559 3
4560 3
4561 6
4562 5
4563 7
4564 5
4565 3
4566 1
4567 4
4568 2
4569 2
4570 5
4571 4
4572 5
4573 4
4574 7
4575 3
4576 4
4577 4
4578 3
4579 3
4580 1
4581 0
4582 1
4583 1
4584 6
4585 3
4586 3
4587 4
4588 2
4589 2
4590 3
4591 2
4592 2
4593 5
4594 4
4595 4
4596 3
4597 2
4598 0
4599 2
4600 0
4601 6
4602 3
4603 0
4604 1
4605 1
4606 1
4607 1
4608 3
4609 4
4610 2
4611 5
4612 2
4613 0
4614 1
4615 1
4616 4
4617 6
4618 5
4619 0
4620 3
4621 1
4622 1
4623 4
4624 25
4625 19
4626 21
4627 23
4628 20
4629 22
4630 21
4631 27
4632 18
4633 21
4634 20
4635 14
4636 21
4637 25
4638 23
4639 30
4640 24
4641 23
4642 23
4643 31
4644 21
4645 12
4646 20
4647 20
4648 16
4649 11
4650 11
4651 15
4652 19
4653 19
4654 8
4655 8
4656 2
4657 4
4658 3
4659 2
4660 3
4661 1
4662 2
4663 0
4664 2
4665 4
4666 2
4667 4
4668 2
4669 1
4670 3
4671 3
4672 4
4673 3
4674 8
4675 8
4676 5
4677 0
4678 1
4679 1
4680 5
4681 7
4682 6
4683 3
4684 5
4685 4
4686 1
4687 3
4688 9
4689 4
4690 4
4691 11
4692 1
4693 4
4694 3
4695 4
4696 3
4697 1
4698 1
4699 2
4700 2
4701 2
4702 2
4703 3
4704 8
4705 4
4706 4
4707 10
4708 3
4709 3
4710 1
4711 4
4712 1
4713 3
4714 3
4715 2
4716 4
4717 3
4718 5
4719 3
4720 2
4721 2
4722 2
4723 4
4724 0
4725 1
4726 0
4727 0
4728 2
4729 1
4730 6
4731 0
4732 3
4733 1
4734 1
4735 1
4736 9
4737 5
4738 10
4739 8
4740 2
4741 6
4742 3
4743 4
4744 3
4745 3
4746 4
4747 1
4748 7
4749 4
4750 2
4751 6
4752 13
4753 3
4754 4
4755 7
4756 7
4757 3
4758 6
4759 5
4760 3
4761 1
4762 4
4763 3
4764 4
4765 6
4766 1
4767 1
4768 2
4769 1
4770 5
4771 3
4772 2
4773 3
4774 1
4775 2
4776 0
4777 0
4778 7
4779 5
4780 3
4781 3
4782 1
4783 1
4784 6
4785 4
4786 9
4787 6
4788 2
4789 6
4790 1
4791 6
4792 2
4793 6
4794 1
4795 4
4796 1
4797 1
4798 4
4799 5
4800 12
4801 4
4802 11
4803 4
4804 1
4805 3
4806 1
4807 2
4808 3
4809 5
4810 6
4811 4
4812 5
4813 4
4814 7
4815 0
4816 5
4817 2
4818 4
4819 7
4820 4
4821 2
4822 3
4823 3
4824 2
4825 3
4826 5
4827 1
4828 7
4829 5
4830 6
4831 2
4832 1
4833 2
4834 1
4835 3
4836 3
4837 2
4838 4
4839 3
4840 2
4841 2
4842 1
4843 4
4844 2
4845 0
4846 0
4847 2
4848 7
4849 11
4850 9
4851 15
4852 10
4853 7
4854 5
4855 11
4856 7
4857 2
4858 6
4859 0
4860 4
4861 5
4862 11
4863 9
4864 6
4865 14
4866 9
4867 12
4868 8
4869 2
4870 4
4871 7
4872 2
4873 2
4874 3
4875 1
4876 4
4877 2
4878 4
4879 3
4880 3
4881 7
4882 3
4883 2
4884 3
4885 2
4886 2
4887 0
4888 1
4889 1
4890 2
4891 2
4892 1
4893 1
4894 0
4895 1
4896 6
4897 5
4898 5
4899 4
4900 1
4901 1
4902 2
4903 2
4904 0
4905 2
4906 8
4907 3
4908 2
4909 1
4910 0
4911 3
4912 2
4913 5
4914 4
4915 2
4916 5
4917 1
4918 4
4919 0
4920 6
4921 3
4922 2
4923 8
4924 2
4925 1
4926 8
4927 1
4928 5
4929 3
4930 6
4931 7
4932 4
4933 2
4934 2
4935 7
4936 6
4937 4
4938 3
4939 5
4940 2
4941 2
4942 5
4943 3
4944 5
4945 5
4946 3
4947 5
4948 2
4949 2
4950 1
4951 0
4952 5
4953 2
4954 0
4955 0
4956 3
4957 2
4958 2
4959 3
4960 8
4961 7
4962 7
4963 12
4964 5
4965 4
4966 5
4967 7
4968 5
4969 10
4970 8
4971 3
4972 7
4973 0
4974 6
4975 7
4976 8
4977 4
4978 3
4979 6
4980 4
4981 7
4982 6
4983 3
4984 2
4985 2
4986 5
4987 6
4988 3
4989 7
4990 4
4991 3
4992 4
4993 0
4994 2
4995 3
4996 2
4997 0
4998 2
4999 0
5000 0
5001 2
5002 0
5003 2
5004 3
5005 2
5006 3
5007 0
5008 7
5009 4
5010 6
5011 9
5012 7
5013 2
5014 6
5015 4
5016 2
5017 2
5018 2
5019 2
5020 4
5021 0
5022 5
5023 0
5024 6
5025 3
5026 10
5027 7
5028 11
5029 5
5030 5
5031 8
5032 2
5033 6
5034 6
5035 5
5036 3
5037 3
5038 2
5039 4
5040 3
5041 3
5042 4
5043 4
5044 5
5045 4
5046 1
5047 4
5048 2
5049 6
5050 5
5051 3
5052 2
5053 1
5054 2
5055 1
5056 3
5057 1
5058 2
5059 2
5060 4
5061 3
5062 1
5063 4
5064 1
5065 3
5066 5
5067 1
5068 3
5069 1
5070 0
5071 2
5072 17
5073 15
5074 15
5075 18
5076 6
5077 8
5078 10
5079 8
5080 10
5081 13
5082 8
5083 4
5084 8
5085 14
5086 15
5087 12
5088 7
5089 10
5090 13
5091 10
5092 8
5093 7
5094 13
5095 9
5096 4
5097 5
5098 12
5099 7
5100 10
5101 7
5102 6
5103 6
5104 2
5105 3
5106 2
5107 2
5108 1
5109 1
5110 2
5111 1
5112 1
5113 1
5114 0
5115 0
5116 2
5117 0
5118 1
5119 1
5120 4
5121 1
5122 3
5123 2
5124 1
5125 1
5126 0
5127 0
5128 2
5129 1
5130 5
5131 3
5132 1
5133 3
5134 1
5135 3
5136 4
5137 3
5138 6
5139 8
5140 1
5141 2
5142 3
5143 1
5144 2
5145 6
5146 2
5147 1
5148 2
5149 0
5150 4
5151 4
5152 4
5153 3
5154 2
5155 6
5156 2
5157 4
5158 1
5159 1
5160 2
5161 4
5162 1
5163 3
5164 4
5165 2
5166 6
5167 1
5168 8
5169 3
5170 6
5171 6
5172 1
5173 3
5174 1
5175 2
5176 1
5177 2
5178 1
5179 1
5180 3
5181 2
5182 0
5183 2
5184 3
5185 7
5186 4
5187 7
5188 3
5189 2
5190 1
5191 6
5192 1
5193 0
5194 4
5195 10
5196 1
5197 3
5198 3
5199 4
5200 8
5201 9
5202 14
5203 13
5204 12
5205 9
5206 6
5207 9
5208 4
5209 8
5210 3
5211 8
5212 6
5213 6
5214 7
5215 1
5216 4
5217 7
5218 1
5219 3
5220 2
5221 6
5222 2
5223 6
5224 3
5225 2
5226 9
5227 1
5228 4
5229 3
5230 0
5231 3
5232 4
5233 1
5234 3
5235 1
5236 2
5237 0
5238 1
5239 1
5240 1
5241 1
5242 0
5243 2
5244 2
5245 1
5246 2
5247 1
5248 7
5249 6
5250 5
5251 8
5252 7
5253 3
5254 3
5255 2
5256 3
5257 3
5258 2
5259 2
5260 1
5261 0
5262 2
5263 2
5264 6
5265 2
5266 9
5267 7
5268 6
5269 4
5270 6
5271 4
5272 1
5273 2
5274 5
5275 0
5276 3
5277 1
5278 2
5279 4
5280 2
5281 3
5282 5
5283 6
5284 2
5285 2
5286 0
5287 2
5288 5
5289 3
5290 4
5291 5
5292 1
5293 1
5294 0
5295 4
5296 10
5297 8
5298 10
5299 19
5300 15
5301 12
5302 9
5303 8
5304 13
5305 4
5306 7
5307 4
5308 12
5309 11
5310 7
5311 5
5312 19
5313 18
5314 10
5315 21
5316 16
5317 16
5318 18
5319 24
5320 11
5321 13
5322 20
5323 15
5324 15
5325 9
5326 13
5327 15
5328 12
5329 11
5330 15
5331 10
5332 10
5333 8
5334 6
5335 4
5336 4
5337 9
5338 12
5339 10
5340 6
5341 3
5342 6
5343 6
5344 2
5345 6
5346 5
5347 0
5348 0
5349 2
5350 2
5351 1
5352 1
5353 1
5354 0
5355 1
5356 2
5357 1
5358 1
5359 3
5360 2
5361 7
5362 3
5363 6
5364 3
5365 1
5366 4
5367 1
5368 1
5369 1
5370 1
5371 2
5372 6
5373 3
5374 2
5375 2
5376 3
5377 6
5378 2
5379 5
5380 1
5381 3
5382 0
5383 1
5384 1
5385 4
5386 4
5387 1
5388 4
5389 2
5390 1
5391 1
5392 2
5393 1
5394 3
5395 3
5396 0
5397 3
5398 4
5399 2
5400 2
5401 1
5402 1
5403 1
5404 2
5405 1
5406 2
5407 4
5408 13
5409 8
5410 11
5411 13
5412 5
5413 4
5414 3
5415 7
5416 4
5417 9
5418 7
5419 4
5420 7
5421 9
5422 4
5423 9
5424 15
5425 12
5426 13
5427 13
5428 8
5429 8
5430 5
5431 6
5432 6
5433 6
5434 7
5435 9
5436 5
5437 6
5438 10
5439 8
5440 5
5441 9
5442 6
5443 8
5444 8
5445 9
5446 3
5447 4
5448 10
5449 3
5450 7
5451 4
5452 3
5453 0
5454 1
5455 3
5456 6
5457 5
5458 1
5459 2
5460 5
5461 3
5462 1
5463 2
5464 2
5465 1
5466 1
5467 3
5468 3
5469 1
5470 1
5471 0
5472 2
5473 2
5474 12
5475 3
5476 2
5477 3
5478 2
5479 6
5480 3
5481 1
5482 3
5483 1
5484 7
5485 2
5486 2
5487 2
5488 4
5489 4
5490 2
5491 5
5492 3
5493 1
5494 1
5495 3
5496 5
5497 4
5498 4
5499 4
5500 7
5501 3
5502 0
5503 1
5504 4
5505 3
5506 5
5507 1
5508 1
5509 2
5510 2
5511 2
5512 0
5513 1
5514 3
5515 2
5516 1
5517 0
5518 1
5519 4
5520 17
5521 25
5522 23
5523 31
5524 20
5525 20
5526 18
5527 23
5528 18
5529 16
5530 17
5531 19
5532 24
5533 17
5534 20
5535 21
5536 44
5537 40
5538 51
5539 52
5540 35
5541 35
5542 42
5543 44
5544 35
5545 32
5546 27
5547 30
5548 36
5549 34
5550 33
5551 33
5552 25
5553 24
5554 20
5555 31
5556 17
5557 21
5558 18
5559 16
5560 13
5561 16
5562 20
5563 23
5564 22
5565 15
5566 14
5567 8
5568 1
5569 2
5570 4
5571 0
5572 2
5573 1
5574 2
5575 0
5576 3
5577 2
5578 3
5579 4
5580 1
5581 1
5582 5
5583 3
5584 6
5585 11
5586 7
5587 7
5588 1
5589 4
5590 3
5591 4
5592 3
5593 3
5594 1
5595 3
5596 8
5597 3
5598 3
5599 4
5600 3
5601 2
5602 6
5603 1
5604 1
5605 1
5606 0
5607 3
5608 0
5609 5
5610 5
5611 3
5612 2
5613 1
5614 2
5615 4
5616 1
5617 3
5618 3
5619 3
5620 2
5621 2
5622 1
5623 3
5624 0
5625 1
5626 1
5627 1
5628 1
5629 2
5630 1
5631 0
5632 3
5633 3
5634 3
5635 4
5636 2
5637 0
5638 1
5639 2
5640 3
5641 0
5642 2
5643 3
5644 4
5645 0
5646 0
5647 3
5648 5
5649 6
5650 11
5651 7
5652 7
5653 5
5654 3
5655 6
5656 3
5657 4
5658 5
5659 1
5660 6
5661 1
5662 4
5663 2
5664 6
5665 7
5666 12
5667 7
5668 3
5669 7
5670 3
5671 4
5672 4
5673 2
5674 5
5675 1
5676 3
5677 2
5678 2
5679 6
5680 2
5681 4
5682 2
5683 4
5684 2
5685 0
5686 3
5687 1
5688 0
5689 5
5690 2
5691 3
5692 0
5693 2
5694 3
5695 3
5696 2
5697 9
5698 8
5699 7
5700 6
5701 2
5702 2
5703 2
5704 2
5705 1
5706 1
5707 3
5708 2
5709 2
5710 4
5711 1
5712 4
5713 6
5714 3
5715 13
5716 5
5717 2
5718 1
5719 5
5720 1
5721 9
5722 7
5723 1
5724 0
5725 4
5726 4
5727 5
5728 8
5729 3
5730 5
5731 2
5732 1
5733 2
5734 4
5735 2
5736 2
5737 2
5738 4
5739 8
5740 5
5741 4
5742 1
5743 4
5744 3
5745 6
5746 5
5747 3
5748 1
5749 3
5750 0
5751 4
5752 0
5753 4
5754 0
5755 1
5756 0
5757 0
5758 0
5759 1
5760 11
5761 13
5762 12
5763 19
5764 18
5765 7
5766 7
5767 14
5768 8
5769 6
5770 6
5771 7
5772 11
5773 8
5774 8
5775 5
5776 1
5777 14
5778 11
5779 10
5780 8
5781 4
5782 5
5783 5
5784 6
5785 2
5786 10
5787 4
5788 3
5789 2
5790 2
5791 7
5792 2
5793 3
5794 3
5795 6
5796 2
5797 4
5798 2
5799 1
5800 3
5801 3
5802 5
5803 3
5804 3
5805 1
5806 0
5807 1
5808 1
5809 4
5810 3
5811 7
5812 4
5813 3
5814 2
5815 5
5816 2
5817 9
5818 3
5819 3
5820 8
5821 5
5822 4
5823 3
5824 7
5825 9
5826 4
5827 7
5828 6
5829 1
5830 1
5831 2
5832 5
5833 4
5834 5
5835 3
5836 3
5837 4
5838 2
5839 1
5840 6
5841 2
5842 5
5843 6
5844 2
5845 4
5846 1
5847 3
5848 1
5849 3
5850 4
5851 3
5852 8
5853 4
5854 2
5855 3
5856 1
5857 3
5858 1
5859 2
5860 0
5861 1
5862 1
5863 2
5864 1
5865 4
5866 2
5867 0
5868 3
5869 1
5870 3
5871 2
5872 7
5873 2
5874 7
5875 9
5876 7
5877 2
5878 2
5879 2
5880 3
5881 7
5882 4
5883 6
5884 4
5885 5
5886 6
5887 5
5888 5
5889 9
5890 12
5891 9
5892 7
5893 5
5894 4
5895 10
5896 4
5897 7
5898 1
5899 5
5900 8
5901 2
5902 5
5903 3
5904 4
5905 3
5906 5
5907 5
5908 5
5909 2
5910 0
5911 3
5912 1
5913 6
5914 5
5915 2
5916 0
5917 2
5918 2
5919 2
5920 4
5921 7
5922 10
5923 3
5924 6
5925 1
5926 2
5927 6
5928 2
5929 3
5930 6
5931 4
5932 4
5933 1
5934 2
5935 7
5936 4
5937 9
5938 8
5939 7
5940 6
5941 4
5942 9
5943 9
5944 3
5945 3
5946 6
5947 2
5948 3
5949 3
5950 3
5951 4
5952 6
5953 5
5954 7
5955 7
5956 2
5957 2
5958 7
5959 0
5960 1
5961 2
5962 2
5963 2
5964 3
5965 6
5966 5
5967 4
5968 9
5969 3
5970 3
5971 3
5972 0
5973 1
5974 1
5975 2
5976 0
5977 5
5978 3
5979 3
5980 4
5981 2
5982 4
5983 6
5984 13
5985 15
5986 21
5987 29
5988 11
5989 14
5990 11
5991 13
5992 9
5993 12
5994 5
5995 5
5996 13
5997 11
5998 9
5999 8
6000 17
6001 9
6002 12
6003 9
6004 10
6005 9
6006 6
6007 18
6008 5
6009 7
6010 12
6011 7
6012 11
6013 10
6014 5
6015 13
6016 1
6017 2
6018 3
6019 4
6020 1
6021 4
6022 0
6023 2
6024 1
6025 2
6026 2
6027 6
6028 3
6029 3
6030 0
6031 2
6032 7
6033 5
6034 3
6035 5
6036 1
6037 2
6038 2
6039 3
6040 4
6041 7
6042 7
6043 3
6044 1
6045 2
6046 3
6047 5
6048 7
6049 7
6050 8
6051 13
6052 5
6053 4
6054 3
6055 2
6056 1
6057 5
6058 2
6059 2
6060 4
6061 2
6062 5
6063 6
6064 6
6065 5
6066 3
6067 3
6068 4
6069 6
6070 3
6071 3
6072 0
6073 2
6074 4
6075 1
6076 3
6077 1
6078 0
6079 6
6080 1
6081 3
6082 4
6083 4
6084 4
6085 2
6086 1
6087 5
6088 2
6089 5
6090 2
6091 4
6092 7
6093 0
6094 2
6095 2
6096 2
6097 6
6098 7
6099 13
6100 7
6101 1
6102 3
6103 6
6104 2
6105 0
6106 4
6107 3
6108 12
6109 3
6110 6
6111 2
6112 2
6113 1
6114 5
6115 5
6116 0
6117 2
6118 6
6119 6
6120 4
6121 5
6122 6
6123 2
6124 3
6125 3
6126 6
6127 2
6128 3
6129 1
6130 1
6131 1
6132 1
6133 0
6134 0
6135 2
6136 0
6137 1
6138 2
6139 1
6140 1
6141 2
6142 2
6143 2
6144 6
6145 2
6146 4
6147 7
6148 7
6149 1
6150 4
6151 2
6152 1
6153 5
6154 6
6155 3
6156 4
6157 2
6158 2
6159 3
6160 3
6161 8
6162 5
6163 6
6164 4
6165 4
6166 5
6167 4
6168 2
6169 4
6170 6
6171 3
6172 0
6173 5
6174 4
6175 2
6176 2
6177 4
6178 6
6179 9
6180 3
6181 5
6182 4
6183 4
6184 2
6185 3
6186 3
6187 2
6188 4
6189 2
6190 3
6191 1
6192 3
6193 6
6194 9
6195 2
6196 4
6197 2
6198 3
6199 0
6200 1
6201 3
6202 4
6203 4
6204 1
6205 3
6206 4
6207 1
6208 8
6209 12
6210 14
6211 21
6212 9
6213 6
6214 13
6215 10
6216 4
6217 9
6218 3
6219 6
6220 13
6221 13
6222 6
6223 9
6224 12
6225 7
6226 10
6227 8
6228 6
6229 4
6230 8
6231 6
6232 9
6233 7
6234 10
6235 3
6236 7
6237 6
6238 2
6239 7
6240 1
6241 2
6242 2
6243 3
6244 2
6245 0
6246 2
6247 1
6248 1
6249 3
6250 3
6251 1
6252 4
6253 1
6254 2
6255 2
6256 4
6257 3
6258 6
6259 2
6260 1
6261 0
6262 0
6263 1
6264 1
6265 6
6266 2
6267 2
6268 2
6269 1
6270 0
6271 1
6272 3
6273 3
6274 4
6275 8
6276 2
6277 2
6278 2
6279 5
6280 1
6281 2
6282 7
6283 2
6284 3
6285 1
6286 4
6287 5
6288 2
6289 2
6290 4
6291 6
6292 0
6293 2
6294 2
6295 4
6296 4
6297 2
6298 3
6299 2
6300 3
6301 2
6302 4
6303 1
6304 6
6305 1
6306 9
6307 5
6308 2
6309 1
6310 1
6311 1
6312 2
6313 1
6314 1
6315 1
6316 2
6317 2
6318 1
6319 4
6320 6
6321 6
6322 12
6323 12
6324 6
6325 9
6326 7
6327 5
6328 5
6329 9
6330 6
6331 5
6332 7
6333 3
6334 4
6335 8
6336 9
6337 9
6338 13
6339 23
6340 21
6341 11
6342 8
6343 10
6344 5
6345 12
6346 5
6347 5
6348 9
6349 8
6350 12
6351 9
6352 5
6353 9
6354 12
6355 2
6356 2
6357 8
6358 2
6359 6
6360 4
6361 4
6362 11
6363 1
6364 5
6365 6
6366 5
6367 6
6368 4
6369 3
6370 2
6371 3
6372 2
6373 5
6374 1
6375 2
6376 1
6377 3
6378 4
6379 3
6380 5
6381 3
6382 0
6383 0
6384 10
6385 4
6386 2
6387 9
6388 5
6389 4
6390 7
6391 6
6392 3
6393 4
6394 6
6395 4
6396 4
6397 3
6398 2
6399 4
6400 5
6401 3
6402 3
6403 6
6404 8
6405 2
6406 2
6407 2
6408 3
6409 4
6410 5
6411 1
6412 5
6413 1
6414 2
6415 2
6416 3
6417 1
6418 6
6419 9
6420 1
6421 2
6422 2
6423 6
6424 1
6425 4
6426 4
6427 3
6428 3
6429 4
6430 4
6431 2
6432 15
6433 19
6434 22
6435 37
6436 16
6437 16
6438 12
6439 21
6440 11
6441 16
6442 12
6443 13
6444 14
6445 17
6446 16
6447 13
6448 40
6449 32
6450 47
6451 42
6452 35
6453 32
6454 27
6455 29
6456 25
6457 31
6458 33
6459 39
6460 24
6461 34
6462 28
6463 28
6464 22
6465 22
6466 21
6467 32
6468 23
6469 20
6470 22
6471 9
6472 9
6473 14
6474 19
6475 10
6476 8
6477 10
6478 20
6479 12
6480 3
6481 3
6482 4
6483 2
6484 0
6485 1
6486 1
6487 2
6488 2
6489 3
6490 2
6491 2
6492 2
6493 1
6494 3
6495 1
6496 4
6497 3
6498 3
6499 3
6500 2
6501 2
6502 2
6503 1
6504 1
6505 2
6506 3
6507 1
6508 4
6509 1
6510 2
6511 3
6512 4
6513 2
6514 5
6515 4
6516 5
6517 2
6518 2
6519 1
6520 4
6521 0
6522 6
6523 2
6524 4
6525 3
6526 2
6527 1
6528 3
6529 6
6530 7
6531 3
6532 0
6533 1
6534 0
6535 2
6536 3
6537 3
6538 3
6539 4
6540 2
6541 1
6542 1
6543 3
6544 5
6545 6
6546 8
6547 15
6548 3
6549 2
6550 6
6551 4
6552 2
6553 3
6554 7
6555 3
6556 9
6557 2
6558 5
6559 3
6560 9
6561 10
6562 16
6563 5
6564 3
6565 9
6566 3
6567 7
6568 7
6569 9
6570 12
6571 10
6572 3
6573 3
6574 4
6575 1
6576 5
6577 6
6578 11
6579 10
6580 4
6581 4
6582 2
6583 6
6584 2
6585 4
6586 4
6587 6
6588 5
6589 0
6590 7
6591 4
6592 4
6593 3
6594 6
6595 3
6596 1
6597 1
6598 2
6599 2
6600 2
6601 3
6602 3
6603 2
6604 0
6605 4
6606 1
6607 0
6608 3
6609 5
6610 8
6611 7
6612 3
6613 7
6614 3
6615 3
6616 2
6617 6
6618 2
6619 0
6620 2
6621 3
6622 1
6623 5
6624 5
6625 5
6626 4
6627 5
6628 2
6629 2
6630 0
6631 2
6632 1
6633 2
6634 4
6635 5
6636 2
6637 3
6638 2
6639 5
6640 3
6641 4
6642 1
6643 6
6644 2
6645 2
6646 0
6647 0
6648 0
6649 2
6650 6
6651 1
6652 3
6653 3
6654 0
6655 3
6656 10
6657 7
6658 15
6659 18
6660 7
6661 6
6662 4
6663 8
6664 3
6665 6
6666 8
6667 6
6668 4
6669 5
6670 7
6671 9
6672 15
6673 15
6674 20
6675 23
6676 16
6677 11
6678 7
6679 14
6680 10
6681 12
6682 9
6683 10
6684 5
6685 6
6686 9
6687 15
6688 8
6689 5
6690 4
6691 15
6692 10
6693 6
6694 4
6695 9
6696 6
6697 8
6698 5
6699 9
6700 3
6701 4
6702 7
6703 3
6704 2
6705 2
6706 4
6707 4
6708 3
6709 0
6710 2
6711 4
6712 3
6713 4
6714 11
6715 1
6716 2
6717 0
6718 3
6719 3
6720 3
6721 5
6722 3
6723 12
6724 3
6725 0
6726 1
6727 3
6728 2
6729 2
6730 3
6731 3
6732 6
6733 2
6734 2
6735 3
6736 4
6737 5
6738 2
6739 6
6740 1
6741 2
6742 0
6743 1
6744 1
6745 0
6746 4
6747 4
6748 4
6749 1
6750 2
6751 2
6752 3
6753 2
6754 4
6755 7
6756 0
6757 0
6758 0
6759 2
6760 0
6761 0
6762 3
6763 2
6764 5
6765 0
6766 1
6767 1
6768 4
6769 1
6770 3
6771 3
6772 3
6773 0
6774 1
6775 1
6776 0
6777 0
6778 3
6779 5
6780 0
6781 2
6782 2
6783 6
6784 8
6785 4
6786 8
6787 9
6788 1
6789 7
6790 3
6791 6
6792 7
6793 3
6794 5
6795 6
6796 10
6797 6
6798 4
6799 8
6800 5
6801 3
6802 8
6803 7
6804 3
6805 6
6806 5
6807 11
6808 3
6809 5
6810 4
6811 4
6812 4
6813 3
6814 5
6815 3
6816 1
6817 5
6818 7
6819 2
6820 3
6821 2
6822 2
6823 4
6824 1
6825 2
6826 4
6827 0
6828 5
6829 3
6830 0
6831 0
6832 6
6833 5
6834 8
6835 5
6836 11
6837 1
6838 1
6839 4
6840 5
6841 8
6842 1
6843 1
6844 2
6845 3
6846 3
6847 1
6848 9
6849 6
6850 5
6851 13
6852 9
6853 1
6854 6
6855 4
6856 4
6857 7
6858 5
6859 4
6860 5
6861 2
6862 4
6863 3
6864 5
6865 5
6866 4
6867 2
6868 4
6869 5
6870 3
6871 4
6872 1
6873 5
6874 3
6875 1
6876 5
6877 0
6878 0
6879 1
6880 2
6881 3
6882 3
6883 6
6884 1
6885 2
6886 0
6887 2
6888 0
6889 3
6890 1
6891 1
6892 2
6893 0
6894 1
6895 1
6896 11
6897 17
6898 22
6899 13
6900 11
6901 10
6902 9
6903 12
6904 7
6905 5
6906 3
6907 7
6908 14
6909 13
6910 10
6911 7
6912 13
6913 14
6914 8
6915 14
6916 10
6917 12
6918 3
6919 11
6920 7
6921 4
6922 9
6923 10
6924 5
6925 4
6926 4
6927 11
6928 2
6929 6
6930 2
6931 2
6932 2
6933 3
6934 4
6935 0
6936 2
6937 1
6938 3
6939 1
6940 3
6941 2
6942 2
6943 3
6944 5
6945 3
6946 10
6947 5
6948 4
6949 4
6950 2
6951 4
6952 1
6953 2
6954 0
6955 5
6956 5
6957 2
6958 3
6959 3
6960 12
6961 10
6962 8
6963 5
6964 4
6965 2
6966 3
6967 3
6968 2
6969 5
6970 7
6971 3
6972 4
6973 5
6974 5
6975 12
6976 9
6977 9
6978 5
6979 6
6980 3
6981 3
6982 2
6983 2
6984 0
6985 4
6986 3
6987 6
6988 2
6989 2
6990 1
6991 4
6992 6
6993 6
6994 0
6995 0
6996 1
6997 2
6998 0
6999 4
7000 1
7001 2
7002 3
7003 3
7004 5
7005 2
7006 2
7007 2
7008 6
7009 10
7010 7
7011 3
7012 7
7013 7
7014 2
7015 5
7016 2
7017 2
7018 3
7019 5
7020 1
7021 3
7022 2
7023 7
7024 3
7025 7
7026 5
7027 2
7028 3
7029 1
7030 1
7031 5
7032 4
7033 3
7034 2
7035 2
7036 2
7037 1
7038 2
7039 1
7040 1
7041 4
7042 3
7043 2
7044 1
7045 6
7046 1
7047 4
7048 1
7049 4
7050 1
7051 0
7052 3
7053 1
7054 0
7055 2
7056 3
7057 8
7058 9
7059 5
7060 5
7061 1
7062 6
7063 3
7064 4
7065 0
7066 5
7067 2
7068 5
7069 2
7070 3
7071 3
7072 8
7073 9
7074 4
7075 8
7076 9
7077 7
7078 3
7079 5
7080 6
7081 7
7082 3
7083 2
7084 6
7085 5
7086 5
7087 2
7088 4
7089 3
7090 7
7091 6
7092 6
7093 4
7094 1
7095 4
7096 4
7097 6
7098 1
7099 3
7100 4
7101 4
7102 1
7103 2
7104 5
7105 4
7106 5
7107 6
7108 3
7109 3
7110 5
7111 1
7112 1
7113 2
7114 1
7115 4
7116 6
7117 3
7118 3
7119 2
7120 10
7121 9
7122 12
7123 16
7124 9
7125 16
7126 6
7127 9
7128 6
7129 12
7130 4
7131 5
7132 13
7133 9
7134 5
7135 12
7136 9
7137 5
7138 18
7139 11
7140 5
7141 10
7142 4
7143 7
7144 8
7145 7
7146 5
7147 11
7148 8
7149 2
7150 6
7151 3
7152 4
7153 2
7154 1
7155 2
7156 2
7157 3
7158 0
7159 0
7160 1
7161 1
7162 4
7163 0
7164 3
7165 0
7166 1
7167 1
7168 5
7169 4
7170 8
7171 7
7172 4
7173 2
7174 5
7175 4
7176 1
7177 1
7178 3
7179 1
7180 4
7181 1
7182 1
7183 5
7184 5
7185 6
7186 6
7187 2
7188 4
7189 4
7190 2
7191 3
7192 5
7193 1
7194 2
7195 3
7196 6
7197 1
7198 3
7199 4
7200 2
7201 5
7202 5
7203 4
7204 4
7205 4
7206 0
7207 4
7208 2
7209 1
7210 3
7211 2
7212 5
7213 2
7214 6
7215 3
7216 7
7217 5
7218 5
7219 4
7220 4
7221 1
7222 1
7223 3
7224 4
7225 2
7226 2
7227 4
7228 1
7229 1
7230 0
7231 2
7232 12
7233 5
7234 13
7235 9
7236 3
7237 2
7238 7
7239 5
7240 1
7241 4
7242 6
7243 2
7244 10
7245 7
7246 5
7247 3
7248 8
7249 7
7250 6
7251 9
7252 5
7253 2
7254 4
7255 9
7256 1
7257 4
7258 0
7259 4
7260 8
7261 2
7262 3
7263 2
7264 3
7265 3
7266 3
7267 3
7268 4
7269 1
7270 1
7271 3
7272 3
7273 3
7274 3
7275 2
7276 2
7277 1
7278 1
7279 0
7280 1
7281 6
7282 2
7283 8
7284 4
7285 6
7286 5
7287 2
7288 3
7289 5
7290 4
7291 2
7292 6
7293 3
7294 5
7295 5
7296 10
7297 5
7298 13
7299 11
7300 1
7301 2
7302 4
7303 6
7304 3
7305 5
7306 5
7307 11
7308 2
7309 3
7310 2
7311 5
7312 6
7313 4
7314 8
7315 10
7316 3
7317 5
7318 1
7319 0
7320 4
7321 4
7322 10
7323 1
7324 2
7325 2
7326 3
7327 3
7328 1
7329 7
7330 6
7331 6
7332 5
7333 2
7334 2
7335 1
7336 1
7337 5
7338 2
7339 5
7340 4
7341 0
7342 2
7343 1
7344 25
7345 18
7346 31
7347 35
7348 13
7349 17
7350 20
7351 22
7352 18
7353 22
7354 10
7355 13
7356 18
7357 14
7358 18
7359 21
7360 23
7361 23
7362 27
7363 18
7364 15
7365 22
7366 11
7367 14
7368 9
7369 9
7370 14
7371 12
7372 9
7373 6
7374 7
7375 8
7376 1
7377 3
7378 2
7379 1
7380 0
7381 1
7382 2
7383 0
7384 3
7385 3
7386 2
7387 2
7388 3
7389 0
7390 1
7391 1
7392 1
7393 4
7394 3
7395 0
7396 1
7397 2
7398 0
7399 1
7400 0
7401 1
7402 3
7403 0
7404 1
7405 0
7406 2
7407 2
7408 3
7409 4
7410 0
7411 4
7412 4
7413 2
7414 3
7415 2
7416 1
7417 1
7418 4
7419 2
7420 8
7421 2
7422 7
7423 1
7424 5
7425 4
7426 0
7427 0
7428 2
7429 2
7430 2
7431 3
7432 5
7433 2
7434 2
7435 4
7436 2
7437 4
7438 2
7439 3
7440 5
7441 3
7442 2
7443 5
7444 3
7445 7
7446 0
7447 2
7448 2
7449 6
7450 2
7451 0
7452 4
7453 1
7454 3
7455 4
7456 6
7457 10
7458 10
7459 11
7460 8
7461 7
7462 5
7463 5
7464 1
7465 8
7466 2
7467 4
7468 3
7469 3
7470 4
7471 8
7472 10
7473 11
7474 11
7475 13
7476 7
7477 6
7478 10
7479 6
7480 7
7481 3
7482 9
7483 8
7484 14
7485 6
7486 6
7487 4
7488 6
7489 8
7490 9
7491 9
7492 5
7493 5
7494 3
7495 6
7496 7
7497 4
7498 3
7499 1
7500 4
7501 3
7502 4
7503 1
7504 2
7505 2
7506 7
7507 1
7508 0
7509 2
7510 1
7511 3
7512 2
7513 2
7514 2
7515 0
7516 2
7517 0
7518 2
7519 0
7520 8
7521 3
7522 5
7523 6
7524 2
7525 1
7526 3
7527 2
7528 4
7529 8
7530 7
7531 5
7532 6
7533 4
7534 6
7535 2
7536 3
7537 11
7538 3
7539 11
7540 4
7541 3
7542 4
7543 2
7544 1
7545 6
7546 4
7547 4
7548 3
7549 1
7550 3
7551 1
7552 3
7553 3
7554 4
7555 8
7556 4
7557 2
7558 0
7559 4
7560 4
7561 3
7562 5
7563 3
7564 4
7565 2
7566 0
7567 3
7568 10
7569 7
7570 12
7571 13
7572 9
7573 7
7574 5
7575 10
7576 4
7577 6
7578 8
7579 8
7580 7
7581 7
7582 6
7583 10
7584 23
7585 13
7586 15
7587 16
7588 14
7589 11
7590 11
7591 9
7592 3
7593 6
7594 12
7595 16
7596 7
7597 15
7598 7
7599 5
7600 9
7601 15
7602 16
7603 9
7604 5
7605 7
7606 4
7607 13
7608 4
7609 5
7610 9
7611 5
7612 3
7613 7
7614 3
7615 7
7616 4
7617 0
7618 4
7619 4
7620 2
7621 4
7622 1
7623 2
7624 2
7625 1
7626 4
7627 3
7628 4
7629 3
7630 3
7631 2
7632 2
7633 2
7634 7
7635 4
7636 1
7637 0
7638 0
7639 1
7640 0
7641 2
7642 4
7643 2
7644 3
7645 2
7646 6
7647 1
7648 4
7649 3
7650 1
7651 1
7652 2
7653 2
7654 2
7655 2
7656 0
7657 3
7658 6
7659 2
7660 2
7661 2
7662 1
7663 2
7664 2
7665 2
7666 4
7667 7
7668 4
7669 2
7670 6
7671 1
7672 0
7673 1
7674 1
7675 1
7676 3
7677 3
7678 6
7679 1
7680 8
7681 10
7682 7
7683 14
7684 4
7685 5
7686 3
7687 5
7688 3
7689 8
7690 5
7691 7
7692 10
7693 3
7694 1
7695 3
7696 11
7697 11
7698 12
7699 20
7700 10
7701 7
7702 4
7703 3
7704 2
7705 6
7706 10
7707 9
7708 2
7709 10
7710 8
7711 2
7712 7
7713 6
7714 7
7715 16
7716 2
7717 6
7718 2
7719 5
7720 2
7721 10
7722 7
7723 4
7724 6
7725 3
7726 2
7727 2
7728 3
7729 1
7730 3
7731 4
7732 3
7733 1
7734 2
7735 2
7736 3
7737 5
7738 2
7739 2
7740 5
7741 3
7742 3
7743 3
7744 6
7745 6
7746 4
7747 8
7748 3
7749 0
7750 4
7751 2
7752 4
7753 2
7754 3
7755 2
7756 2
7757 3
7758 3
7759 3
7760 2
7761 3
7762 1
7763 5
7764 5
7765 3
7766 1
7767 4
7768 4
7769 3
7770 3
7771 7
7772 0
7773 1
7774 2
7775 2
7776 4
7777 1
7778 5
7779 5
7780 1
7781 0
7782 0
7783 0
7784 1
7785 3
7786 1
7787 2
7788 2
7789 3
7790 1
7791 0
7792 17
7793 16
7794 20
7795 25
7796 14
7797 9
7798 8
7799 19
7800 13
7801 11
7802 11
7803 9
7804 14
7805 15
7806 12
7807 17
7808 23
7809 30
7810 30
7811 31
7812 31
7813 24
7814 22
7815 30
7816 19
7817 15
7818 16
7819 13
7820 17
7821 16
7822 18
7823 12
7824 14
7825 19
7826 21
7827 13
7828 14
7829 13
7830 15
7831 9
7832 9
7833 7
7834 6
7835 16
7836 9
7837 12
7838 4
7839 5
7840 2
7841 6
7842 3
7843 4
7844 4
7845 2
7846 1
7847 3
7848 1
7849 3
7850 2
7851 4
7852 1
7853 2
7854 0
7855 2
7856 3
7857 3
7858 6
7859 4
7860 3
7861 3
7862 1
7863 1
7864 2
7865 3
7866 4
7867 3
7868 9
7869 4
7870 0
7871 3
7872 1
7873 2
7874 2
7875 2
7876 2
7877 3
7878 0
7879 2
7880 1
7881 3
7882 2
7883 4
7884 2
7885 3
7886 1
7887 4
7888 2
7889 0
7890 4
7891 1
7892 1
7893 0
7894 2
7895 0
7896 0
7897 1
7898 4
7899 0
7900 2
7901 0
7902 1
7903 3
7904 2
7905 3
7906 1
7907 2
7908 0
7909 3
7910 1
7911 4
7912 1
7913 8
7914 3
7915 2
7916 1
7917 3
7918 2
7919 2
7920 6
7921 8
7922 8
7923 12
7924 5
7925 10
7926 5
7927 8
7928 2
7929 5
7930 4
7931 5
7932 8
7933 3
7934 5
7935 4
7936 9
7937 5
7938 12
7939 2
7940 8
7941 1
7942 2
7943 9
7944 3
7945 7
7946 6
7947 8
7948 4
7949 1
7950 4
7951 0
7952 0
7953 5
7954 2
7955 3
7956 1
7957 3
7958 1
7959 2
7960 2
7961 2
7962 4
7963 3
7964 6
7965 2
7966 3
7967 0
7968 3
7969 8
7970 5
7971 4
7972 3
7973 4
7974 2
7975 2
7976 2
7977 2
7978 7
7979 2
7980 3
7981 4
7982 2
7983 3
7984 10
7985 8
7986 10
7987 6
7988 4
7989 3
7990 1
7991 8
7992 1
7993 4
7994 5
7995 2
7996 6
7997 1
7998 4
7999 6
8000 5
8001 6
8002 4
8003 5
8004 7
8005 2
8006 3
8007 1
8008 3
8009 1
8010 5
8011 5
8012 6
8013 5
8014 1
8015 3
8016 0
8017 3
8018 5
8019 4
8020 3
8021 1
8022 2
8023 2
8024 1
8025 0
8026 3
8027 1
8028 3
8029 1
8030 2
8031 1
8032 8
8033 8
8034 13
8035 15
8036 7
8037 11
8038 5
8039 7
8040 3
8041 10
8042 6
8043 8
8044 18
8045 9
8046 10
8047 8
8048 13
8049 15
8050 4
8051 13
8052 8
8053 4
8054 8
8055 9
8056 6
8057 5
8058 5
8059 5
8060 6
8061 4
8062 7
8063 7
8064 2
8065 4
8066 1
8067 3
8068 0
8069 4
8070 3
8071 0
8072 2
8073 3
8074 3
8075 4
8076 5
8077 0
8078 2
8079 4
8080 3
8081 5
8082 9
8083 3
8084 4
8085 4
8086 3
8087 5
8088 3
8089 4
8090 4
8091 4
8092 3
8093 3
8094 6
8095 3
8096 4
8097 2
8098 6
8099 15
8100 3
8101 2
8102 5
8103 8
8104 0
8105 2
8106 2
8107 1
8108 5
8109 2
8110 1
8111 4
8112 3
8113 5
8114 5
8115 7
8116 5
8117 0
8118 0
8119 5
8120 3
8121 2
8122 2
8123 2
8124 3
8125 4
8126 4
8127 5
8128 2
8129 6
8130 7
8131 3
8132 4
8133 1
8134 2
8135 0
8136 1
8137 5
8138 5
8139 2
8140 2
8141 0
8142 2
8143 4
8144 5
8145 6
8146 7
8147 5
8148 8
8149 4
8150 4
8151 5
8152 4
8153 6
8154 7
8155 3
8156 3
8157 5
8158 4
8159 11
8160 2
8161 2
8162 9
8163 4
8164 7
8165 6
8166 2
8167 6
8168 1
8169 2
8170 6
8171 9
8172 0
8173 2
8174 2
8175 9
8176 4
8177 0
8178 0
8179 6
8180 1
8181 2
8182 2
8183 4
8184 1
8185 1
8186 4
8187 2
8188 5
8189 0
8190 2
8191 1
8192 5
8193 7
8194 8
8195 7
8196 3
8197 1
8198 2
8199 3
8200 1
8201 5
8202 1
8203 2
8204 9
8205 2
8206 6
8207 4
8208 5
8209 5
8210 10
8211 11
8212 5
8213 4
8214 5
8215 3
8216 2
8217 3
8218 4
8219 7
8220 9
8221 2
8222 3
8223 4
8224 4
8225 0
8226 5
8227 4
8228 2
8229 2
8230 2
8231 6
8232 3
8233 4
8234 7
8235 5
8236 8
8237 4
8238 2
8239 3
8240 5
8241 5
8242 2
8243 6
8244 3
8245 3
8246 2
8247 1
8248 4
8249 4
8250 4
8251 2
8252 1
8253 1
8254 6
8255 2
8256 31
8257 20
8258 23
8259 28
8260 18
8261 21
8262 26
8263 14
8264 17
8265 13
8266 15
8267 13
8268 16
8269 13
8270 21
8271 13
8272 10
8273 22
8274 26
8275 14
8276 16
8277 18
8278 16
8279 9
8280 18
8281 11
8282 13
8283 12
8284 9
8285 6
8286 9
8287 6
8288 2
8289 4
8290 3
8291 3
8292 1
8293 2
8294 1
8295 1
8296 2
8297 2
8298 0
8299 1
8300 3
8301 1
8302 0
8303 4
8304 7
8305 4
8306 7
8307 4
8308 4
8309 3
8310 2
8311 5
8312 2
8313 6
8314 3
8315 0
8316 7
8317 1
8318 0
8319 4
8320 4
8321 1
8322 10
8323 12
8324 7
8325 7
8326 0
8327 4
8328 4
8329 0
8330 7
8331 2
8332 2
8333 1
8334 7
8335 3
8336 4
8337 2
8338 7
8339 9
8340 3
8341 1
8342 2
8343 6
8344 2
8345 4
8346 3
8347 2
8348 4
8349 3
8350 2
8351 1
8352 1
8353 2
8354 4
8355 3
8356 3
8357 5
8358 1
8359 5
8360 1
8361 1
8362 3
8363 4
8364 4
8365 1
8366 4
8367 4
8368 7
8369 7
8370 7
8371 11
8372 9
8373 6
8374 4
8375 8
8376 2
8377 6
8378 1
8379 6
8380 5
8381 4
8382 4
8383 4
8384 7
8385 3
8386 8
8387 6
8388 2
8389 2
8390 1
8391 4
8392 7
8393 3
8394 7
8395 4
8396 5
8397 1
8398 3
8399 2
8400 2
8401 7
8402 4
8403 1
8404 2
8405 0
8406 1
8407 2
8408 1
8409 2
8410 1
8411 5
8412 3
8413 0
8414 2
8415 2
8416 3
8417 4
8418 2
8419 4
8420 0
8421 1
8422 3
8423 1
8424 0
8425 2
8426 2
8427 0
8428 2
8429 1
8430 3
8431 1
8432 4
8433 5
8434 5
8435 5
8436 2
8437 5
8438 3
8439 9
8440 2
8441 3
8442 5
8443 1
8444 3
8445 3
8446 2
8447 3
8448 3
8449 1
8450 9
8451 8
8452 2
8453 5
8454 0
8455 6
8456 0
8457 4
8458 5
8459 4
8460 2
8461 2
8462 0
8463 1
8464 8
8465 3
8466 7
8467 5
8468 2
8469 3
8470 0
8471 4
8472 1
8473 2
8474 4
8475 2
8476 0
8477 2
8478 2
8479 5
8480 8
8481 7
8482 8
8483 14
8484 7
8485 9
8486 9
8487 9
8488 8
8489 8
8490 0
8491 7
8492 5
8493 5
8494 8
8495 12
8496 20
8497 20
8498 14
8499 19
8500 13
8501 13
8502 12
8503 7
8504 9
8505 7
8506 6
8507 9
8508 14
8509 10
8510 11
8511 11
8512 7
8513 3
8514 8
8515 10
8516 12
8517 8
8518 5
8519 6
8520 5
8521 8
8522 11
8523 9
8524 4
8525 7
8526 3
8527 5
8528 3
8529 0
8530 1
8531 3
8532 1
8533 0
8534 1
8535 0
8536 1
8537 4
8538 1
8539 3
8540 0
8541 2
8542 1
8543 3
8544 5
8545 0
8546 5
8547 6
8548 0
8549 1
8550 2
8551 2
8552 2
8553 3
8554 2
8555 2
8556 1
8557 2
8558 3
8559 3
8560 4
8561 8
8562 2
8563 6
8564 1
8565 5
8566 2
8567 3
8568 1
8569 6
8570 3
8571 2
8572 0
8573 2
8574 2
8575 4
8576 3
8577 4
8578 6
8579 6
8580 3
8581 1
8582 4
8583 7
8584 1
8585 2
8586 2
8587 7
8588 3
8589 2
8590 3
8591 2
8592 12
8593 7
8594 5
8595 10
8596 9
8597 7
8598 9
8599 7
8600 4
8601 11
8602 7
8603 3
8604 6
8605 9
8606 5
8607 7
8608 12
8609 11
8610 12
8611 13
8612 6
8613 7
8614 2
8615 5
8616 8
8617 5
8618 15
8619 9
8620 9
8621 6
8622 5
8623 6
8624 7
8625 3
8626 6
8627 5
8628 6
8629 5
8630 7
8631 3
8632 2
8633 3
8634 7
8635 6
8636 2
8637 4
8638 4
8639 3
8640 2
8641 2
8642 3
8643 2
8644 1
8645 2
8646 0
8647 5
8648 2
8649 2
8650 1
8651 1
8652 3
8653 1
8654 3
8655 4
8656 3
8657 6
8658 4
8659 10
8660 3
8661 1
8662 2
8663 3
8664 3
8665 4
8666 2
8667 0
8668 4
8669 2
8670 6
8671 6
8672 0
8673 6
8674 6
8675 7
8676 3
8677 0
8678 3
8679 2
8680 3
8681 5
8682 4
8683 2
8684 2
8685 0
8686 7
8687 8
8688 1
8689 5
8690 4
8691 7
8692 4
8693 2
8694 1
8695 4
8696 1
8697 6
8698 1
8699 2
8700 3
8701 2
8702 1
8703 3
8704 15
8705 22
8706 24
8707 28
8708 12
8709 14
8710 9
8711 15
8712 10
8713 17
8714 13
8715 18
8716 10
8717 13
8718 15
8719 18
8720 31
8721 31
8722 34
8723 26
8724 25
8725 23
8726 21
8727 24
8728 17
8729 13
8730 15
8731 17
8732 18
8733 16
8734 16
8735 25
8736 13
8737 10
8738 13
8739 10
8740 14
8741 6
8742 11
8743 5
8744 3
8745 8
8746 9
8747 14
8748 12
8749 6
8750 8
8751 9
8752 6
8753 6
8754 3
8755 4
8756 0
8757 2
8758 1
8759 3
8760 0
8761 5
8762 5
8763 2
8764 4
8765 2
8766 0
8767 2
8768 3
8769 3
8770 6
8771 9
8772 3
8773 1
8774 3
8775 2
8776 2
8777 5
8778 1
8779 4
8780 3
8781 6
8782 3
8783 3
8784 6
8785 0
8786 3
8787 5
8788 2
8789 4
8790 2
8791 0
8792 1
8793 5
8794 2
8795 1
8796 5
8797 1
8798 3
8799 4
8800 4
8801 1
8802 4
8803 4
8804 2
8805 1
8806 2
8807 3
8808 2
8809 2
8810 3
8811 4
8812 4
8813 1
8814 3
8815 3
8816 5
8817 7
8818 5
8819 14
8820 3
8821 8
8822 4
8823 6
8824 3
8825 5
8826 8
8827 5
8828 12
8829 3
8830 4
8831 8
8832 8
8833 10
8834 8
8835 7
8836 8
8837 7
8838 2
8839 3
8840 6
8841 9
8842 8
8843 6
8844 12
8845 3
8846 2
8847 7
8848 6
8849 2
8850 7
8851 4
8852 7
8853 3
8854 3
8855 3
8856 2
8857 6
8858 2
8859 2
8860 3
8861 7
8862 0
8863 3
8864 3
8865 2
8866 6
8867 4
8868 2
8869 1
8870 2
8871 2
8872 2
8873 0
8874 3
8875 3
8876 1
8877 4
8878 3
8879 3
8880 2
8881 3
8882 7
8883 9
8884 2
8885 1
8886 4
8887 2
8888 1
8889 2
8890 4
8891 0
8892 4
8893 4
8894 1
8895 7
8896 7
8897 4
8898 2
8899 5
8900 6
8901 3
8902 2
8903 3
8904 2
8905 5
8906 4
8907 1
8908 3
8909 3
8910 1
8911 2
8912 5
8913 2
8914 5
8915 2
8916 2
8917 1
8918 1
8919 2
8920 1
8921 1
8922 2
8923 3
8924 4
8925 1
8926 1
8927 1
8928 15
8929 15
8930 17
8931 24
8932 13
8933 14
8934 10
8935 8
8936 10
8937 8
8938 5
8939 8
8940 13
8941 10
8942 7
8943 10
8944 15
8945 20
8946 22
8947 25
8948 11
8949 18
8950 8
8951 21
8952 13
8953 11
8954 15
8955 13
8956 11
8957 13
8958 6
8959 12
8960 12
8961 7
8962 12
8963 13
8964 6
8965 5
8966 5
8967 8
8968 5
8969 3
8970 8
8971 9
8972 5
8973 1
8974 2
8975 8
8976 3
8977 1
8978 3
8979 4
8980 3
8981 1
8982 1
8983 1
8984 2
8985 0
8986 2
8987 0
8988 1
8989 0
8990 0
8991 1
8992 6
8993 2
8994 1
8995 6
8996 0
8997 2
8998 4
8999 1
9000 3
9001 3
9002 7
9003 4
9004 4
9005 3
9006 6
9007 1
9008 4
9009 3
9010 4
9011 6
9012 5
9013 2
9014 2
9015 4
9016 0
9017 0
9018 7
9019 5
9020 3
9021 2
9022 5
9023 1
9024 2
9025 3
9026 2
9027 5
9028 1
9029 3
9030 0
9031 3
9032 2
9033 0
9034 0
9035 1
9036 2
9037 0
9038 2
9039 3
9040 2
9041 3
9042 4
9043 5
9044 1
9045 4
9046 3
9047 2
9048 1
9049 1
9050 6
9051 1
9052 0
9053 0
9054 2
9055 3
9056 6
9057 3
9058 4
9059 11
9060 7
9061 7
9062 1
9063 6
9064 2
9065 6
9066 2
9067 9
9068 3
9069 8
9070 7
9071 6
9072 7
9073 11
9074 7
9075 7
9076 3
9077 3
9078 2
9079 5
9080 9
9081 3
9082 7
9083 5
9084 6
9085 4
9086 4
9087 5
9088 2
9089 5
9090 3
9091 5
9092 3
9093 1
9094 2
9095 3
9096 3
9097 3
9098 2
9099 2
9100 1
9101 3
9102 4
9103 1
9104 8
9105 8
9106 5
9107 8
9108 5
9109 1
9110 1
9111 7
9112 1
9113 4
9114 2
9115 2
9116 2
9117 2
9118 3
9119 1
9120 10
9121 6
9122 3
9123 4
9124 4
9125 4
9126 5
9127 3
9128 4
9129 10
9130 5
9131 4
9132 3
9133 8
9134 4
9135 3
9136 6
9137 7
9138 7
9139 5
9140 4
9141 4
9142 2
9143 0
9144 1
9145 8
9146 1
9147 3
9148 1
9149 4
9150 3
9151 2
9152 1
9153 2
9154 2
9155 3
9156 0
9157 1
9158 2
9159 2
9160 0
9161 1
9162 0
9163 1
9164 5
9165 2
9166 2
9167 3
9168 26
9169 23
9170 30
9171 28
9172 22
9173 12
9174 14
9175 30
9176 21
9177 21
9178 11
9179 10
9180 16
9181 14
9182 20
9183 15
9184 22
9185 20
9186 24
9187 25
9188 15
9189 26
9190 16
9191 13
9192 8
9193 11
9194 19
9195 15
9196 9
9197 5
9198 9
9199 13
9200 5
9201 3
9202 0
9203 5
9204 0
9205 2
9206 2
9207 2
9208 3
9209 5
9210 1
9211 4
9212 4
9213 1
9214 1
9215 1
9216 5
9217 6
9218 3
9219 10
9220 6
9221 1
9222 1
9223 6
9224 1
9225 3
9226 6
9227 0
9228 3
9229 0
9230 4
9231 1
9232 4
9233 2
9234 6
9235 7
9236 4
9237 0
9238 1
9239 5
9240 4
9241 2
9242 7
9243 9
9244 3
9245 6
9246 1
9247 6
9248 5
9249 4
9250 6
9251 7
9252 3
9253 8
9254 1
9255 2
9256 2
9257 5
9258 8
9259 3
9260 3
9261 4
9262 2
9263 2
9264 6
9265 0
9266 4
9267 3
9268 1
9269 2
9270 0
9271 2
9272 1
9273 2
9274 2
9275 4
9276 4
9277 3
9278 1
9279 2
9280 2
9281 4
9282 7
9283 9
9284 2
9285 6
9286 5
9287 1
9288 6
9289 7
9290 2
9291 6
9292 8
9293 2
9294 6
9295 5
9296 8
9297 7
9298 7
9299 5
9300 4
9301 4
9302 5
9303 4
9304 1
9305 4
9306 5
9307 3
9308 5
9309 3
9310 2
9311 6
9312 3
9313 4
9314 3
9315 4
9316 1
9317 2
9318 1
9319 2
9320 4
9321 2
9322 2
9323 3
9324 6
9325 1
9326 2
9327 0
9328 8
9329 8
9330 4
9331 7
9332 9
9333 1
9334 3
9335 5
9336 1
9337 6
9338 3
9339 1
9340 8
9341 6
9342 3
9343 4
9344 5
9345 3
9346 7
9347 9
9348 5
9349 3
9350 3
9351 7
9352 2
9353 2
9354 1
9355 9
9356 7
9357 1
9358 6
9359 5
9360 3
9361 3
9362 3
9363 7
9364 1
9365 6
9366 4
9367 9
9368 3
9369 9
9370 4
9371 3
9372 1
9373 1
9374 1
9375 2
9376 2
9377 7
9378 4
9379 6
9380 5
9381 3
9382 2
9383 2
9384 5
9385 2
9386 8
9387 3
9388 1
9389 2
9390 4
9391 0
9392 9
9393 8
9394 8
9395 13
9396 10
9397 11
9398 4
9399 7
9400 2
9401 4
9402 7
9403 3
9404 6
9405 6
9406 4
9407 4
9408 6
9409 8
9410 12
9411 4
9412 8
9413 7
9414 4
9415 3
9416 5
9417 4
9418 2
9419 3
9420 9
9421 9
9422 2
9423 5
9424 0
9425 5
9426 2
9427 4
9428 1
9429 1
9430 1
9431 2
9432 4
9433 5
9434 2
9435 0
9436 0
9437 1
9438 2
9439 1
9440 1
9441 5
9442 5
9443 7
9444 4
9445 2
9446 0
9447 3
9448 3
9449 1
9450 3
9451 2
9452 4
9453 0
9454 2
9455 2
9456 3
9457 4
9458 6
9459 6
9460 4
9461 1
9462 3
9463 3
9464 2
9465 2
9466 5
9467 5
9468 2
9469 4
9470 3
9471 3
9472 4
9473 3
9474 4
9475 6
9476 1
9477 2
9478 1
9479 5
9480 4
9481 2
9482 5
9483 2
9484 3
9485 2
9486 2
9487 3
9488 3
9489 4
9490 7
9491 6
9492 3
9493 2
9494 1
9495 1
9496 2
9497 2
9498 4
9499 2
9500 5
9501 3
9502 3
9503 2
9504 9
9505 9
9506 9
9507 9
9508 12
9509 4
9510 2
9511 3
9512 3
9513 7
9514 4
9515 5
9516 5
9517 8
9518 5
9519 7
9520 11
9521 5
9522 9
9523 7
9524 6
9525 1
9526 3
9527 4
9528 3
9529 3
9530 5
9531 9
9532 5
9533 2
9534 4
9535 6
9536 0
9537 3
9538 1
9539 5
9540 1
9541 1
9542 1
9543 1
9544 1
9545 2
9546 5
9547 2
9548 0
9549 0
9550 2
9551 0
9552 0
9553 4
9554 2
9555 2
9556 3
9557 3
9558 2
9559 1
9560 0
9561 0
9562 2
9563 5
9564 2
9565 1
9566 0
9567 4
9568 6
9569 1
9570 9
9571 11
9572 4
9573 5
9574 3
9575 1
9576 1
9577 3
9578 3
9579 3
9580 2
9581 9
9582 6
9583 9
9584 5
9585 3
9586 7
9587 4
9588 1
9589 3
9590 4
9591 5
9592 3
9593 0
9594 5
9595 2
9596 7
9597 1
9598 6
9599 3
9600 7
9601 3
9602 3
9603 4
9604 1
9605 5
9606 4
9607 3
9608 0
9609 2
9610 1
9611 1
9612 6
9613 4
9614 2
9615 3
9616 19
9617 23
9618 17
9619 24
9620 19
9621 10
9622 15
9623 18
9624 8
9625 12
9626 13
9627 15
9628 9
9629 14
9630 16
9631 15
9632 31
9633 31
9634 40
9635 28
9636 30
9637 18
9638 18
9639 31
9640 18
9641 11
9642 21
9643 16
9644 13
9645 13
9646 16
9647 10
9648 15
9649 21
9650 20
9651 17
9652 17
9653 9
9654 8
9655 13
9656 7
9657 11
9658 10
9659 13
9660 10
9661 5
9662 7
9663 9
9664 6
9665 3
9666 2
9667 2
9668 4
9669 2
9670 2
9671 1
9672 2
9673 0
9674 3
9675 0
9676 3
9677 1
9678 2
9679 4
9680 1
9681 4
9682 1
9683 4
9684 0
9685 1
9686 0
9687 4
9688 1
9689 2
9690 1
9691 2
9692 5
9693 3
9694 1
9695 2
9696 3
9697 2
9698 1
9699 7
9700 7
9701 6
9702 1
9703 4
9704 0
9705 3
9706 6
9707 3
9708 4
9709 3
9710 2
9711 6
9712 3
9713 3
9714 6
9715 8
9716 2
9717 1
9718 0
9719 3
9720 2
9721 4
9722 2
9723 1
9724 1
9725 1
9726 3
9727 3
9728 7
9729 6
9730 4
9731 4
9732 5
9733 5
9734 5
9735 5
9736 4
9737 5
9738 2
9739 3
9740 4
9741 1
9742 4
9743 5
9744 6
9745 12
9746 10
9747 10
9748 4
9749 6
9750 5
9751 9
9752 4
9753 5
9754 8
9755 3
9756 15
9757 3
9758 6
9759 7
9760 3
9761 4
9762 6
9763 2
9764 11
9765 1
9766 4
9767 2
9768 2
9769 6
9770 2
9771 4
9772 5
9773 1
9774 6
9775 4
9776 2
9777 0
9778 1
9779 1
9780 1
9781 2
9782 2
9783 1
9784 1
9785 2
9786 1
9787 2
9788 2
9789 2
9790 2
9791 3
9792 4
9793 7
9794 4
9795 8
9796 5
9797 3
9798 3
9799 5
9800 2
9801 1
9802 2
9803 7
9804 5
9805 2
9806 5
9807 7
9808 4
9809 2
9810 6
9811 5
9812 3
9813 2
9814 0
9815 2
9816 3
9817 5
9818 2
9819 9
9820 0
9821 1
9822 0
9823 4
9824 5
9825 1
9826 3
9827 2
9828 0
9829 4
9830 3
9831 4
9832 2
9833 4
9834 0
9835 1
9836 4
9837 2
9838 1
9839 5
9840 9
9841 13
9842 21
9843 20
9844 13
9845 10
9846 7
9847 8
9848 4
9849 8
9850 9
9851 12
9852 9
9853 8
9854 10
9855 12
9856 18
9857 21
9858 14
9859 27
9860 12
9861 16
9862 10
9863 15
9864 12
9865 7
9866 10
9867 19
9868 14
9869 19
9870 10
9871 11
9872 11
9873 11
9874 15
9875 13
9876 6
9877 12
9878 7
9879 8
9880 8
9881 8
9882 7
9883 9
9884 7
9885 3
9886 5
9887 5
9888 6
9889 1
9890 4
9891 4
9892 5
9893 3
9894 3
9895 3
9896 2
9897 3
9898 2
9899 1
9900 1
9901 2
9902 3
9903 3
9904 4
9905 5
9906 3
9907 5
9908 2
9909 2
9910 2
9911 3
9912 5
9913 2
9914 3
9915 3
9916 4
9917 0
9918 4
9919 1
9920 7
9921 5
9922 2
9923 4
9924 1
9925 4
9926 2
9927 1
9928 2
9929 2
9930 3
9931 6
9932 4
9933 3
9934 1
9935 2
9936 5
9937 1
9938 5
9939 2
9940 3
9941 0
9942 0
9943 4
9944 2
9945 3
9946 3
9947 3
9948 3
9949 3
9950 1
9951 1
9952 3
9953 15
9954 15
9955 19
9956 6
9957 6
9958 6
9959 7
9960 6
9961 3
9962 7
9963 2
9964 5
9965 6
9966 5
9967 4
9968 13
9969 14
9970 20
9971 20
9972 8
9973 8
9974 9
9975 9
9976 9
9977 6
9978 7
9979 3
9980 13
9981 8
9982 8
9983 7
9984 5
9985 4
9986 9
9987 8
9988 10
9989 6
9990 4
9991 3
9992 2
9993 1
9994 7
9995 4
9996 3
9997 4
9998 4
9999 3
